 1   -7  -4  -4  -8  -8  -5  -4  -1    3   3  -2  -8  -7  -2   2   2    0  -2  -4  -7  -4  -4  -3  -6
 2   -4  -2  -1  -3  -5  -6  -4  -4   -5  -7  -7  -6  -8 -12 -15  -7   -8 -11 -12 -12 -10 -10 -10 -10
 3   -8 -11 -10 -10 -11  -5  -4  -3   -1  -1  -1   0  -2  -6  -6  -3   -1   1   0   0   0  -1  -7  -9
 4   -7  -5  -4  -7  -8 -11 -18 -24  -29 -29 -26 -24 -18 -17 -15 -18  -21 -22 -20 -21 -21 -23 -24 -26
 5  -31 -31 -30 -33 -37 -39 -40 -38  -33 -33 -32 -29 -26 -21 -13 -11  -12 -13  -9  -6  -7 -10 -12  -6

 6   -3   2   8   7   8   7   3   0    0   4   5   8  13  18  10   2    6   8   1 -11 -16 -15 -21 -20
 7  -18 -14  -8  -7  -7  -5  -4  -3   -8  -8  -6  -5  -4  -6 -12 -12  -11 -14 -13 -10  -6  -8 -12 -11
 8  -12 -11  -8  -5  -9  -9 -11  -9   -9  -8  -2   3  -1 -15 -15 -15  -15 -17 -16 -17 -22 -26 -24 -23
 9  -21 -30 -27 -18 -17 -22 -25 -26  -23 -24 -22 -17 -14 -16 -18 -17  -16 -20 -19 -17 -14 -15 -18 -19
10  -17 -16 -14  -9 -10  -9  -9  -9  -15 -11  -8  -3  -7 -13 -16 -16  -17 -17 -17 -17 -18 -19 -20 -21

11  -19 -14 -11 -10 -10 -12 -14 -18  -12  -7 -10 -10  -8  -7  -6  -5   -8 -12 -16 -18 -19 -17 -18 -17
12  -13 -13  -9  -2   1   1  -2  -3    0  -1  -1  -3   1   0  -3  -3    0   0  -2  -3  -7  -9  -5  -3
13    0   1   1  -3  -7 -12 -17 -18  -18 -15 -10  -7 -30 -42 -32 -26  -22 -52 -86-102-107-106-105-112
14 -101 -96 -93 -87 -80 -71 -66 -66  -73 -84 -81 -65 -56 -56 -62 -67  -59 -53 -53 -55 -50 -48 -45 -45
15  -42 -45 -48 -47 -56 -51 -48 -49  -49 -52 -48 -42 -39 -40 -40 -37  -39 -40 -43 -40 -34 -29 -26 -25

16  -27 -27 -25 -29 -30 -31 -28 -25  -27 -28 -29 -28 -28 -29 -29 -29  -28 -29 -26 -23 -24 -25 -20 -23
17  -23 -19 -15 -20 -19 -19 -20 -20  -19 -14 -13 -12 -12 -13 -11 -10  -12 -13 -14 -13 -12 -11 -12 -11
18  -11 -10  -8  -7  -9 -10  -9  -9   -9  -7  -5  -6  -4  -4  -9  -8   -9 -10 -18 -24 -26 -31 -29 -29
19  -24 -21 -20 -19 -19 -22 -21 -21  -22 -21 -18 -17 -16 -18 -18 -18  -18 -19 -19 -19 -22 -20 -16 -16
20  -12 -12 -12 -11  -9  -8 -10  -9  -10  -9  -9 -11 -12 -16 -17 -17  -22 -26 -20 -18 -14 -16 -14 -12

21  -10 -10 -13 -15 -20 -18 -15 -17  -15 -16 -21 -24 -19 -15 -20 -23  -23 -22 -21 -20 -18 -16 -18 -20
22  -18 -20 -17 -10  -5  -6  -6  -8   -9  -6  -3  -2  -2  -1 -12 -28  -35 -44 -47 -49 -43 -35 -24 -26
23  -25 -25 -24 -20 -19 -31 -37 -32  -29 -20 -18 -13 -10  -9  -8  -7  -11 -27 -34 -32 -48 -50 -52 -45
24  -43 -42 -36 -38 -44 -39 -42 -41  -37 -37 -40 -38 -34 -29 -28 -29  -32 -43 -50 -48 -42 -36 -36 -36
25  -37 -41 -42 -42 -39 -33 -33 -32  -30 -31 -29 -28 -28 -28 -29 -30  -30 -30 -31 -26 -23 -18 -19 -18

26  -22 -24 -19 -18 -16 -13 -12 -13  -13 -14 -15 -15 -13 -11 -15 -17  -20 -18 -16 -13 -11 -12 -14 -15
27  -22 -28 -26 -27 -23 -21 -23 -24  -21 -22 -27 -32 -36 -38 -44 -37  -35 -35 -32 -24 -18 -17 -16 -16
28  -15 -12 -12 -12  -8  -8 -14 -15  -15 -14 -13 -13  -9  -9 -11 -12  -14 -13  -9 -10 -14 -15 -16 -16
29  -12 -11  -8  -9  -9  -6  -4  -5  -10  -8  -6  -3  -2  -2  -5  -9  -13 -12 -13 -12 -12  -7  -5  -6
30   -6  -5  -4  -7  -9  -8  -7  -8  -11 -11 -16 -16  -9  -5  -2  -1   -4  -6  -5  -4  -6  -4  -2  -2

31   -2  -4  -4  -6  -7  -7  -9  -7   -4  -2  -4  -7  -7  -9  -9 -10  -11  -9 -10  -9  -7  -7  -4  -4

 1   -3  -3  -3   0  -2  -2  -2  -3   -3  -2  -2  -1   0   1  -1   0   -2  -5  -6  -3   0   2   3   6
 2    9   9   5   4   3   3   6  13   15  14   9   7   7   9  10  10   10  10  11  13  12  12  11   7
 3    8   9  16  18  16  20  24  23   19  15  15  15  12   6  -2  -3   -6  -7  -6  -9 -11  -9 -11 -10
 4   -5  -1   1  -3  -6  -6  -5  -2    5   5   5   3   6   8   5   3    4  -2 -13 -22 -33 -25 -21 -22
 5  -20 -19 -13  -8  -9 -10 -10 -11  -11 -18 -23 -24 -20 -13 -14 -15  -17 -29 -32 -30 -18 -14 -13 -14

 6   -9  -6  -3  -7  -9 -13  -3  -1   -5  -7 -12 -10 -11 -16 -23 -22  -28 -29 -28 -25 -24 -20 -20 -20
 7  -21 -19 -17 -18 -20 -20 -19 -23  -18 -15 -17 -11 -11 -19 -20 -19  -16 -19 -22 -21 -17 -14 -19 -19
 8  -17 -14 -11 -11 -16 -16 -11  -8   -5  -8 -17 -16 -13 -11 -12 -12  -13 -16 -16 -14  -7  -3  -1  -3
 9   -5  -8  -7  -7  -6  -9  -8  -4   -3  -3  -2  -3  -2   0   0  -2   -4  -4  -4  -4  -7  -8 -10 -12
10  -11 -10 -12 -12 -12 -12  -9  -9   -6  -2   1   2   4   5   2   3    7   1  -2  -4  -7 -12 -16 -16

11  -15 -16 -14 -11  -8 -11 -13 -17  -16  -7  -3   0   0  -1  -1   2    5   7  14   6 -17  -2  11  10
12    8   1  -2  -9 -11 -12 -10 -21  -33 -27 -26 -20 -20 -22 -27 -28  -27 -26 -27 -29 -30 -23 -23 -18
13  -16 -13 -11  -9 -11 -12 -15 -14  -14 -15 -13 -13 -12 -11 -12 -12  -11 -13 -13 -11  -8 -13 -11  -8
14   -4  -1   0   2   0  -3  -4  -6   -2  -5 -12 -15 -17 -17 -17 -16  -15 -15 -13 -10 -10  -6  -6  -3
15   -4  -9  -7  -6 -13 -16 -16 -15   -9 -10 -12 -11  -9  -4  -5  -5   -5  -9 -10 -10  -8  -7  -8  -9

16   -7  -7  -5  -5  -7  -7  -7  -7   -7  -7 -10 -10  -6  -3  -3  -4   -5  -7  -6  -4  -3   0   4   6
17    6   5   6   1  -4  -5  -4   5    0 -18 -32 -24 -31 -29 -32 -29  -29 -29 -30 -33 -31 -34 -33 -33
18  -29 -26 -15   2 -47 -55 -55 -73 -106-123-115-104 -93 -89-121-109 -112-123-112-108-109 -97-106-102
19 -101-106-100-100 -96 -96 -96 -83  -88 -86 -71 -78 -75 -70 -73 -64  -59 -64 -63 -57 -53 -51 -54 -59
20  -58 -56 -54 -52 -49 -47 -46 -47  -44 -40 -38 -38 -38 -39 -38 -38  -38 -36 -31 -33 -37 -37 -38 -37

21  -37 -37 -37 -35 -35 -33 -30 -30  -31 -29 -28 -26 -21 -16 -14 -16  -19 -18 -17 -19 -20 -18 -16  -2
22   -6  -6 -10  -9  -6  -6   0  -8   -8  -8 -10 -11 -10  -8  -8  -9  -11 -11 -11 -14 -20 -27 -32 -33
23  -32 -27 -26 -23 -32 -33 -24 -21  -22 -28 -21 -19 -19 -16 -14 -17  -18 -20 -16 -15 -13 -12 -14 -18
24  -20 -20 -15 -11  -7  -2  -1  -6  -11  -6  -4  -9 -19 -21 -17 -19  -26 -28 -22 -17 -12 -14 -18 -18
25  -17 -17 -19 -18 -23 -24 -21 -20  -23 -22 -21 -16 -14 -12 -12 -14  -15 -20 -18 -14 -12 -15 -17 -19

26  -20 -19 -16 -13 -10  -7  -7  -6   -7  -7  -5  -5  -5  -7 -10 -11   -9 -10 -11  -9  -8  -7  -7  -9
27  -10  -8  -8  -7  -4  -1  -4 -10  -15 -22 -18 -10  -2   1   3   2   -2  -5  -7  -9 -11 -11 -11 -12
28  -10  -9 -10  -8  -7  -3   2   1   -4   1   6  13  20  13   5  -4   -5  -1  -9 -25 -42 -52 -70 -87

 1  -94 -94 -90 -79 -76 -87 -79 -64  -54 -47 -41 -37 -42 -51 -50 -48  -68 -80 -88 -95 -84 -78 -64 -66
 2  -59 -72 -80 -66 -63 -60 -58 -63  -59 -54 -46 -40 -38 -35 -36 -39  -39 -38 -32 -36 -40 -34 -30 -30
 3  -29 -30 -23 -31 -31 -28 -26 -28  -35 -34 -41 -43 -40 -41 -42 -42  -45 -45 -43 -49 -42 -38 -38 -42
 4  -42 -34 -26 -23 -26 -27 -25 -29  -43 -32 -39 -37 -28 -27 -34 -31  -33 -36 -34 -39 -37 -40 -44 -52
 5  -50 -43 -45 -47 -41 -38 -36 -38  -33 -24 -28 -25 -19 -18 -18 -25  -32 -29 -23 -19 -19 -19 -22 -24

 6  -25 -28 -31 -32 -29 -26 -22 -20  -23 -28 -26 -18 -15 -19 -25 -27  -30 -28 -23 -26 -30 -35 -40 -39
 7  -44 -45 -42 -40 -38 -45 -54 -52  -49 -54 -57 -42 -34 -34 -34 -35  -37 -42 -43 -45 -51 -47 -39 -36
 8  -36 -37 -34 -29 -29 -32 -33 -30  -28 -25 -22 -19 -18 -20 -22 -22  -22 -23 -21 -20 -23 -26 -28 -34
 9  -36 -40 -44 -43 -38 -37 -33 -26  -29 -28 -31 -29 -33 -31 -36 -44  -42 -42 -40 -37 -35 -33 -35 -38
10  -40 -33 -33 -52 -63 -57 -49 -69  -81 -63 -37 -29 -36 -40 -44 -44  -42 -35 -31 -38 -40 -37 -37 -37

11  -38 -39 -36 -30 -27 -25 -21 -30  -41 -33 -23 -14 -25 -28 -29 -24  -15  -9 -12 -16 -16 -13 -12 -16
12  -14 -12 -12 -20 -18 -12  -8  -9  -11 -12 -13 -22 -24 -15  -6  -7  -10  -6  -7 -10 -15 -19 -14 -12
13  -12  -9  -6  -7  -7  -8  -8 -10  -11  -9  -4  -2  -9 -11 -17 -15  -14 -15 -16 -21 -22 -20 -19 -23
14  -21 -15 -13 -14 -15 -17 -16 -12  -14 -16 -15 -15 -17   1   2  -9   -7 -15  -5   2 -11 -11  -8 -15
15  -19 -12 -11 -18 -19 -31 -36 -35  -35 -33 -31 -26 -19 -18 -22 -25  -24 -22 -20 -21 -23 -24 -24 -21

16  -15 -11  -9  -9 -11  -9 -11 -13  -15  -9  -7  -6  -6  -8 -10 -10   -9  -8  -6  -5  -3  -1   2   2
17    2   3   4   3   3   3   1  -2   -5  -4  -2   0  -2  -5  -6  -5   -7  -8  -6  -7  -5   0   2   1
18    0   1   2   2   0  -2   0  -5   -6  -5  -3   2   3   0  -3  -4   -3  -6  -3   0   1   1   1   1
19    4   7   8   7   6   5   4   0   -3  -3   3  11  10   0 -11 -19  -22 -22 -23 -26 -28 -30 -27 -23
20  -20 -19 -21 -20 -22 -21 -17 -14  -15 -18 -16 -14 -13 -10  -6  -5   -6  -6  -9 -11 -11 -13 -14 -14

21  -16 -16 -13 -10  -8  -3  -3  -1   -3  -2  -3  -3   1  -2  -1  -1    1   2   4  -1   0   0  -1  -2
22   -4  -6  -6  -3   0   1   2   1    0   0  -1  -2  -1   0  -2  -1    5   4   5   5   7   9  10   9
23    5   3   5   7   8  11  12  11   12  12  14  18  16  10   8   8    5   5   7   7   8   6   0   3
24    7   7   4   2   0   0   1   3    3   0   3   2   2   1   0   0   -1   0   4   4   3   5   5   4
25    5   6   6   5   4   7  10  10   10   9  11  13  15  14  14  15   16   4  -9 -28 -31 -25 -19 -12

26   -9 -10 -13  -9  -6  -7  -9 -11  -15  -8   0  -2 -13 -15 -11  -8  -10 -10  -8  -5  -3   1   3   3
27    0  -3  -4  -3  -3  -5  -4  -2    0   1   1   2   2   1   0   0   -2  -3   0   2   1   1   0  -4
28   -4  -7  -9  -7  -8  -8  -7  -6   -1   2   1   0   3  -1  -4  -2    4   7  10  11  12  12  15  22
29   30  23   9  17  14  11   9  13    7   5   5   6 -10 -40 -56 -49  -42 -39 -37 -41 -38 -32 -31 -28
30  -36 -35 -38 -31 -28 -26 -28 -36  -50 -43 -32 -22 -21 -28 -30 -31  -31 -36 -42 -39 -43 -50 -49 -46

31  -49 -44 -40 -39 -40 -37 -31 -29  -26 -28 -27 -25 -26 -23 -24 -24  -24 -22 -21 -26 -28 -26 -31 -33

 1  -38 -38 -40 -32 -33 -34 -32 -32  -29 -24 -18 -17 -18 -18 -17 -18  -21 -19 -20 -21 -22 -20 -16 -13
 2  -17 -16 -13 -10 -13 -19 -17 -13  -12  -9 -10  -9 -11 -11 -10  -9  -11 -11 -11 -18 -18 -16 -13 -14
 3  -14 -14 -16 -14 -12 -12 -15 -20  -20 -23 -21 -18 -18 -14 -13 -10   -9  -8  -7 -12 -10 -11  -9  -6
 4   -5  -4  -3  -6  -9 -14 -15 -13  -12 -13 -10  -5  -2  -6  -6  -3   -3  -7 -11 -15 -14 -19 -19 -12
 5  -12 -12 -12 -11 -13 -14 -11 -11  -13 -12  -5 -12 -19 -26 -20 -17  -20 -19 -14 -14 -12 -11 -11 -11

 6  -11 -11 -14 -16 -20 -22 -21 -20  -17 -16 -17 -18 -17 -15  -9 -11  -16 -19 -17 -14 -11 -16 -20 -24
 7  -31 -31 -24 -23 -22 -18 -22 -26  -29 -30 -31 -27 -25 -22 -20 -20  -24 -28 -29 -23 -22 -27 -24 -22
 8  -18 -15 -13 -11  -9  -9  -6  -5   -5   0   5   6   0  -4  -3 -10  -15 -12 -13  -7  -4  -8 -13 -16
 9  -13 -10  -7  -9  -4  -4  -7  -4   -5  -3  -6  -4  -2   0   0   0   -4  -6   1   6   5   4   3   5
10    6   8   4   3   5  13  10   4   -7  -4  -5  -3   2   2   1  -8   -7 -15 -18 -18 -14 -12 -23 -27

11  -22 -21 -21 -24 -22 -17 -14 -20  -19 -13  -6  -2  -5 -11 -17 -19  -18 -18 -18 -17 -15 -14 -11 -10
12  -13 -15 -11  -8  -8 -11 -11  -7   -4  -4  -2  -4  -7  -6  -1  -1    0  -4  -3  -1   2  -2  -6  -6
13   -7  -7  -7  -4  -3  -3  -1   0   -3  -2  -1  -1  -3   0   1  -2   -5  -4  -2  -2   0   0  -1  -6
14   -8  -6  -3   0   2   1  -3 -11  -11  -4  -3  -2  -1   1   5   4    2   1   0   0  -2  -7  -8  -6
15   -5  -5  -4  -5  -3  -3  -3  -3   -1   0  -2   0   4   4   5   5    4   4   3   4   4   3   2   1

16    0   3   4   4   1   1   2   2    1   2   1  10  19  35  54  65   51  34  24  16   2  -1  -4 -29
17  -46 -51 -68 -90 -84 -80 -83 -91  -77 -70 -67 -45 -33 -33 -33 -36  -33 -31 -41 -42 -36 -31 -29 -30
18  -27 -25 -24 -26 -22 -26 -32 -29  -24 -26 -26 -23 -26 -21 -14 -12  -15 -17 -17 -21 -19 -18 -16 -16
19  -17 -16 -14 -14 -15 -15 -14 -12   -9 -20 -27 -26 -21 -15 -12 -20  -26 -24 -22 -21 -29 -42 -39 -29
20  -21 -23 -22 -19 -17 -22 -27 -21  -12 -23 -21 -16 -14 -33 -39 -36  -22 -28 -31 -20 -21 -25 -24 -20

21  -16 -15 -15 -12  -8 -12 -12  -2    1  -9 -15 -12 -13 -20 -23 -27  -25 -29 -25 -24 -21 -19 -22 -20
22  -17 -14 -14 -17 -14 -13 -12  -8   -8  -9  -7  -5  -5  -5  -3   0    3   7   5   1   0   0  -1  -1
23    1   0   1   2   0   1   1   2    2   2  -2  -4  -4  -2   0   2    2   0  -2   1   3   3   3   5
24    3  -1   1   0   0   0   1   1   -2  -1  -2   1   2   4   2   2    1   0  -2  -3  -5  -6  -4  -3
25   -3  -3  -2  -1  -1   0   3   4    6   5   3   4   4   3   3   1    0  -1   3   3   3   5   7  12

26    9   7   7   7   8  11  14  18   16  17  11   2   4   8   2   1    2  -4 -16 -20 -23 -22 -19 -17
27  -17 -16 -15 -14 -14 -12  -8  -2   -6 -18 -22 -11  -9 -10  -7  -8  -14 -15 -15 -22 -15 -13 -19 -25
28  -25 -25 -21 -21 -25 -25 -22 -27  -34 -30 -25 -22 -17 -19 -18 -18  -21 -25 -24 -29 -38 -46 -42 -36
29  -37 -32 -31 -29 -33 -35 -25 -16  -13 -10 -14 -13 -10 -16 -10  -8  -17 -14 -20 -24 -28 -23 -33 -33
30  -33 -33 -27 -24 -34 -28 -18 -16  -20 -23 -19 -16 -19 -19 -20 -15  -16 -17 -17 -18 -18 -16 -15 -23

 1  -21 -15 -14 -15 -21 -25 -19 -15  -16 -18 -16 -10 -11 -14 -14 -18  -12 -14 -17 -16 -26 -29 -24 -20
 2  -22 -21 -23 -16 -15 -15 -16 -18  -22 -25 -21 -14 -14 -17 -13  -9   -8 -12 -18 -21 -16 -14 -13 -16
 3  -19 -19 -19 -17 -18 -17 -11  -8   -7 -12 -19 -18 -12 -10  -9  -8   -7 -10 -12 -15 -18 -20 -17 -13
 4  -14 -11  -9  -9  -8  -6  -3  -1   -3  -9  -7  -3  -3  -1   1   1    1   1   1   1   2   0  -2  -4
 5   -7  -8  -8  -7  -6  -3   0   3    3   0   2   9   8   8   5  11   24  26  22  19  23  24  21  19

 6    9   4   3   1  -2  -4   1   3   -7  -4   2   2  -5  -2   0   0   -4  -6  -6  -8  -6  -9 -10 -11
 7  -10 -12 -13 -15 -16 -18 -11  -7   -7  -9  -9  -5  -4  -5  -2   1    1   1   1   1  -2  -9  -8  -4
 8   -5  -7 -10 -10  -9  -5  -3  -2   -5  -5  -2   1   2   1   0   4    4   3   3   2   2  -2  -3  -2
 9   -3  -1   1   0  -1   3   6   7    8   7   5   6   4   4   7  12   11   9  12  11  11  12  11  10
10    9   7   7   8   3   0   3   8    7   3   5   7   8   7   4   6    4   2   0   1   2   1   3   5

11    6   3   2   0  -2   0   3   3    2   0   0   1   0  -3  -3  -1    0   0   0   3   5   7   9  11
12   11   8   5   3   4  -2  -4   1   -1  -2   2   8  11  20  25  25   31  32  37  28  13  13  16  20
13   21  15   5   2  -7 -26 -41 -29  -24 -23 -25 -22 -22 -32 -49 -47  -30 -24 -28 -28 -29 -33 -30 -29
14  -27 -29 -32 -33 -27 -21 -16 -21  -20 -18 -12 -14 -10 -10 -11 -13  -13  -9  -9  -8  -7  -7  -7  -7
15  -14 -14 -11  -8  -8  -7  -2   2    1   3   3   7   7   6   6   7    5   3   0  -4  -7 -12 -13  -9

16   -7  -4  -3  -1  -1   2   4   6    6   5   6  12  14  14  13  13   12  12  10   8   8   7   7   7
17    7   6   7   7   7   9  11  10    8   9  10   9  11  11  11  10   10   9  11  11  10   6   6   5
18    6  33  37  48  41  19 -12 -22  -21  -9  -6   3   2   6  -1   0    4   1  -6  -3 -11 -10 -12 -15
19  -17 -18 -23 -27 -25 -20 -13 -11  -12 -10  -3   0   3   2  -1  -1   -1   1  -1  -2  -2  -9  -7  -7
20  -11 -12 -11  -9  -9  -4  -2  -1   -3  -3   0   3   4   5   3   2    5   2   5   8   5   3  -5  -6

21   -4  -8  -8  -8  -7  -1   6   6    3   2   8  12  10   8   8   9   10  12  12  13  13  12  11  10
22    9   9   8   3   2   4   8   8    6   8  10  12  11  11  10  10   10  12  13  13  12  11  14  16
23   14  11  11  11  15  20  23  29   32  31  15   8   5   2   5  10   10   8   8   6   8   7   6   6
24   10   8   4   5   8  13  28  24   24  23  25  24  23  24  23  25   28  37  39  36  28  23  16   3
25    7  -7 -18 -14  -5 -16  -8 -10  -20 -24 -22 -21 -18 -22 -26 -22  -18 -16 -13 -11 -12 -12 -13 -13

26  -16 -19 -17 -14 -11  -9  -5  -3   -1   1   5   5   2  -1  -3  -2    1   4   5   9   7   2   2   3
27   -2  -6  -7  -6  -1   1   1   3    7   8   6   7   9   6   4   8   11  11  12  11   8   4   2  -4
28   -8  -5  -3  -6 -10 -11  -9  -8   -2  -1   1   1   3   2   0  -1    0   2   1   2  -1  -5 -10  -5
29    3   6   2   1   2   6   8  10   11  11  14  17  17  15  14  13    9   8   8  11  15  13  10   8
30    9  13  15  14  13  13  14  13   14  15  18  20  19  18  10   7    8   9  10   9   6   4   5   6

31    1  -3  -6  -4  -4   0   3   5    6   7   6   3   3   5   6   7    7  10  11  10  10  11   8   2

 1    1   0  -2  -4  -2   3   7  11   13  14  18  19  21  23  27  30   32  37  30  28  25  22  19  10
 2    1   1   4   3   3   2   6   8    5   3   5   9   6   3   5  10   14  19  19  23  21  21  12   8
 3   -1   0  -2  -6  -4   0   5  13   14  18  18  15  15  17  23  21   25  32  33  32  28  19  19  17
 4   17  15  14  10   3   1   4   6    5  10  13  12   6   7  10  11   14  15  13  10  10   7   7  12
 5   12  10  11   7   7   7  11  14   16  17  17  15  12  12  12  14   14  14  15  12  10   5   6   9

 6    8   8   7   5   5   8   8   8    8  10  18  19  18  17  18  20   19  20  23  21  22  22  19  18
 7   17  16  16  15  13  12  14  13   15  18  20  17  15  15  19  21   25  29  31  27  24  14   7  10
 8   17  24  23  18  14   7  11  16   15  23  25  24  25  26  20  14    4   3   1   2   3  -8  -8  -4
 9    4   5  -4 -16 -18 -12  -6  -3   -2   0  -1  -5  -6  -7  -5  -8   -3   0   3   5  -1  -3  -7  -4
10   -2  -1   0  -5  -6  -5  -2   2    1   1   0  -5  -7  -8  -6  -6   -6  -4   0  -1  -2  -3  -2  -2

11   -1   4   5   4   3   3   4   3    8  11   7   0  -3   0   0  -2   -5  -4  -4  -5  -9 -13 -14 -11
12   -2   2   1   0  -6  -5  -2   1    5   7   5   1  -2  -6  -6  -7   -9  -6  -3  -4  -3  -5  -6  -4
13   -2  -2  -7  -9  -6  -6  -5   0    5   6   6   4   3   5   5   5    6   9   8   7   4   1   3   6
14    6   4   4   5   6   6   7   7    7   9   7   4   3   5   8   9    9  12  13  13  11   5   5   8
15   10  10  10   9   9  10  15  17   21  22  20  15  18  28  26  23   26  23  29  32  28  21  21  21

16   24  24  23  20  18  20  19  12   14  17  15  13  13  14  17  20   21  22  24  21  18  16  14  12
17   14  15   8   8  10  15  10   9   12  14  13  11  12  13  17  17   17  22  23  28  26  18  15  13
18   13  12  12  12  11  12  10  12   12  13  14  16  18  18  20  22   23  26  26  22  15   9   8   5
19    9  13  13  11   8   5   7  12   13  12  13  12  11  13  16  15   14  14  17  18  18  17  18  19
20   18  17  19  18  16  16  17  14   13  13  15  16  16  14  13  15   15  15   9  11  15  14  14  16

21   17  18  20  24  22  21  20  18   18  17  14  11  13  15  17  15   14  15  15  16  15  15  18  18
22   23  25  26  26  23  20  19  19   19  19  19  19  23  23  24  24   24  26  22  23  28  28  24  23
23   24  26  26  22  17  17  17  15   11   8   3  -1   0   1   5   7    5   3   3   5   3   4   6  12
24   17  15  13   8   4   7   8   7    7   6   6   4   2   5  11  14   13  11   7   2   1   1   3   4
25    4   9  13  14  14  12  12  14   15  14  13  14  15  18  19  19   15  13  10  11  14  18  20  17

26   17  22  28  39  32  22  25  23   12   1  -9 -15  -9   2   3   0    2   6   6   7  29  33  18  12
27   14  14  18  16  13  13  16  15   14  16  18  13  -7 -13  -4  -3   -7 -16 -15 -14  -8 -21 -22 -11
28   -5  -1   8  26  11  27   6 -26  -26 -33 -41 -39 -34 -32 -30 -29  -28 -26 -25 -26 -26 -25 -27 -24
29  -18 -11  -9  -6 -10 -13 -12  -9   -7  -9 -13 -11 -11 -12 -12 -11  -13  -9 -11 -11 -13 -17 -17 -15
30  -14 -12 -11 -11  -9  -8  -3  -5   -5  -4  -5  -6  -5  -7  -4  -1   -2  -6  -5  -6  -8  -9  -8  -6

 1   -7  -7  -7  -6  -9 -10  -8  -6   -5  -3   0   0  -2   1   3   3    2   2   1   1  -3  -7 -12 -12
 2  -12  -1  -4  -1   4   6  -4  -8   -8  -6  -8  -4   1  -1  -8  -8  -11 -14 -17 -14 -13 -16 -23 -22
 3  -26 -20 -16 -16 -12 -11 -10 -14  -22 -22 -20 -23 -25 -24 -23 -21  -21 -19 -17 -16 -17 -16 -12  -7
 4   -3  -3  -4  -7  -7  -7  -5  -5   -5  -5  -5  -6  -6  -6  -5  -6   -6  -4  -2  -4  -7  -5  -3  -1
 5    0   0  -1   0   4   6   8   9   11   5   4   7   9   9   7   6    7   8  10  12  10   6   4   3

 6    0  -2  -1  -7  -9 -13 -15 -19  -16 -16 -13 -11  -7  -4  -1   5    4   2   6   8  -1   1   8  11
 7   12  11   8  11  14  14  11   9    5   3   3   1   1   1   1   1    2   2   6   3   7   7   9  11
 8    7   7   9   9  15  16  19  21   20  14   7   4   4   0  -5 -10  -16 -19 -23 -28 -31 -30 -24 -18
 9   -9 -11 -12  -9  -8  -9  -7  -5   -4  -6  -8  -9 -11 -10  -9  -7   -8 -11 -10  -8  -6  -3   2   4
10    3  -1  -2  -2  -1   0   3   1   -2  -3   0   4   2   1   2   3    1  -4 -10  -9  -8  -6  -2   2

11    2   1   3   7   8   5   3   1    0  -1  -2  -1  -3  -4  -1  -1   -3  -2  -1   0   0  -1   0   5
12   10   9  14   8   0  -5  -9 -16  -23 -24 -17 -15 -12 -15 -16 -20  -23 -24 -24 -20 -22 -26 -23 -16
13  -12  -8  -4  -4  -6  -6  -4  -2   -3  -2   0   1  -3  -7  -5  -2   -3  -4  -4   0   0   0   0   1
14   -1  -2  -1   0   3   5   6   5    4   3   3   8  16  18  17  18   18  16  11   6   8   8  18  21
15   12   7   8  10   6   1  -5  -6   -4  -5  -2  -1  -6  -5  -2  -2   -3  -2  -1   0  -2  -3  -7  -5

16   -5  -3  -1  -1  -2  -2   0   1    1   4   5   8  12  13  12  13   14  13  10   8   8   8   7   8
17    7   9  10  11  10  12  14  14   11  12  14  14  14  13  13  10   11  15  16  16  15  14  15  15
18   16  20  22  22  25  19  17  15   18  21  23  24  20  15  10   8    5   1   2   6  10  12  15  14
19   12  13  15  19  23  23  22  21   22  25  23  22  19  17  20  23   23  20  17  17  18  21  23  28
20   28  28  30  32  32  32  34  35   33  31  30  27  26  27  23  14   14  20  19  16  15  15  17  17

21   12  11   6   7  12  14  14   8   15  19  16   9   3   2   2  18    7 -12 -31 -44 -30 -19 -15 -13
22  -13  -9  -3   0  -1 -10 -23 -44  -36 -19 -22 -31 -33 -33 -25 -29  -40 -48 -42 -40 -38 -36 -32 -27
23  -25 -26 -31 -26 -22 -16 -11 -10  -11 -16 -19 -19 -19 -20 -20 -18  -17 -17 -20 -27 -24  -7  -3  -3
24   -6 -16 -21 -17 -16 -14 -12 -10  -10  -9  -8  -8  -9  -6  -4  -7  -11 -15 -15 -14 -12  -9 -12 -11
25   -8  -9 -12 -14  -8  -1  -2  -5   -4  -4  -6  -5  -8 -15 -16 -13  -11 -13 -16 -17 -18 -18 -14 -13

26  -12  -7  -3   1   3   2   0  -2   -4  -5  -4  -4  -7 -10 -14 -15  -18 -19 -17 -13  -8  -4  -3  -4
27    0   2   5   4   6   8  10   4    4   5   5   6   9  13  12  13   10   4  -1  -4  -5  -6  -4  -1
28    1   1   1   1   1   1   1  -3   -3  -2  -4  -3  -3  -1  -1  -3   -3  -9 -15 -17 -18 -25 -27 -31
29  -33 -37 -38 -32 -22 -17 -18 -16  -10  -5  -2  -3  -5  -4  -2   0    2   3  -2  -4  -4  -3  -4  -3
30  -10 -22 -23 -15  -9 -12 -18 -19  -17  -9  -5  -2 -24 -26 -12 -10  -18 -13  -1  12  35  -7 -18  -7

31  -40 -53 -52 -52 -44 -43 -37 -32  -34 -38 -38 -36 -33 -30 -26 -27  -26 -27 -16 -15 -19 -19 -35 -39

 1  -29 -15  -7   0 -15 -15 -13 -12  -16 -18 -16 -15 -15 -14 -13 -15  -15 -15 -14 -14 -14 -17 -20 -20
 2  -22 -22 -20 -18 -15 -12 -12 -14  -15 -13 -12 -13 -11 -12 -10 -11  -12 -11 -11  -9 -12 -16 -16 -15
 3  -12  -5  -4  -5  -9  -7  -7  -6   -4  -3  -4  -6  -6  -5  -5  -5   -1  -2  -4  -4  -1   3   7   8
 4    3   0  13  18  11  10 -10 -11   -4   0   2   5   4   2   3   2   -6 -13 -14  -7  -2  -1  -5  -4
 5   -3  -2  -7  -5  -1   0   2   6    8   9   7   4   2   6   7   5    6   2   1   5   8   9   8  12

 6   15  19  11  10  10  13  15  23   20  24  15  12  11  10   7 -11  -19 -20 -21 -19 -19 -22 -15 -12
 7  -17 -20 -19 -20 -23 -18 -13 -11   -9  -5  -6 -12 -15 -13 -15 -16  -16 -14 -19 -22 -14 -12 -14 -17
 8  -15 -13 -13 -14 -11  -6  -3  -1   -1  -3  -5  -7  -8  -8  -8  -7   -8 -10 -15 -19 -23 -23 -24 -25
 9  -35 -42 -44 -41 -36 -27 -35 -34  -33 -35 -43 -47 -45 -40 -39 -35  -30 -29 -29 -29 -30 -31 -25 -20
10  -16 -13 -12 -10  -7  -5   1   3    3   4   7   8   8   9  10  11    7   4   6   8   4   2  -3  -3

11   -4  -5  -6  -6   0   1   1   0    0   2   3   1  -2  -3   2   5    5   7   8   6   6   6   3   2
12    6   4   5   9  13  19  12  -1  -11 -12 -13 -12  -9  -5  -5  -3    2   1   6   7   4   4   4   2
13   -3  -3  -7 -12 -13 -12 -12 -11   -6  -7 -10  -6  -2   1   3   1   -2  -6  -8  -9  -7  -7  -3   0
14    4   4   4   2   3   7   5   5    8   4   2   5   6   8  12  14   13   9   6  10   8   6   7   3
15    1   2   6   8  10  13  15  13   11   9  12  27  29  25  12  15   28  12   9  -3  23  30  17  -1

16  -11  -3   1   0   1   8  17  13    0  -2  -2  -8 -10 -16 -14 -16  -15 -16 -29 -29 -25 -22 -17 -21
17  -24 -20 -28 -31 -31 -36 -29 -32  -27 -26 -20 -18 -25 -32 -30 -21  -24 -22 -26 -27 -18 -18 -18 -23
18  -30 -28 -34 -40 -38 -35 -31 -34  -35 -31 -26 -23 -16 -18 -25 -24  -21 -25 -25 -25 -26 -24 -28 -27
19  -22 -23 -29 -28 -26 -29 -26 -22  -23 -15 -19 -17 -15 -18 -21 -22  -21 -20 -16 -10 -14 -11 -12 -17
20  -10  -9 -12 -23 -37 -39 -33 -40  -45 -35 -32 -44 -52 -43 -46 -54  -56 -48 -44 -43 -41 -37 -32 -33

21  -31 -28 -28 -27 -28 -25 -19 -17  -17 -17 -21 -23 -23 -23 -27 -28  -23 -20 -20 -20 -16 -14 -15 -18
22  -21 -21 -20 -19 -17 -15 -19 -18  -18 -19 -18 -22 -27 -31 -28 -24  -22 -30 -36 -37 -41 -44 -45 -56
23  -66 -66 -53 -61 -62 -55 -55 -51  -44 -48 -51 -51 -41 -52 -58 -63  -60 -55 -52 -46 -44 -52 -47 -42
24  -40 -46 -54 -55 -51 -47 -39 -30  -28 -42 -42 -43 -44 -48 -48 -48  -39 -41 -40 -42 -39 -32 -30 -31
25  -24 -20 -19 -24 -24 -23 -18 -14  -11  -9  -9 -10 -12 -15 -16 -15  -10 -10 -12 -12  -7  -8 -14 -20

26  -19 -19 -21 -23 -22 -14  -9  -6   -5  -4   0  -1  -5 -15 -16 -25  -30 -28 -23 -20 -25 -30 -38 -38
27  -30 -21 -20 -20 -19 -15 -16 -16  -14 -11 -10  -9  -9 -12 -13 -12   -7  -7 -13 -18 -23 -21 -19 -18
28  -19 -23 -20 -17 -15 -16 -16 -15  -19 -13 -14 -21 -21 -27 -30 -27  -20 -15 -12 -12 -11 -14 -18 -19
29  -21 -19 -17 -15 -15 -13 -14 -13   -8 -11 -13 -14 -17 -15 -14 -12   -8  -9 -12 -14 -13 -15 -16 -17
30  -19 -17 -18 -17 -13 -10   3   3   -7  -7   2   9   0 -14 -10 -16  -16 -16 -15 -10  -6  -6  -5 -11

31   -8  -7  -8 -17 -15 -10 -10 -11   -5  -2   1  -5  -9  -3  -1  -2   -7  -6 -14 -21 -26 -26 -34 -32
 
 1  -32 -37 -45 -47 -41 -45 -46 -42  -43 -48 -40 -34 -37 -39 -40 -39  -36 -35 -40 -41 -39 -32 -35 -36
 2  -38 -36 -35 -37 -31 -31 -35 -28  -24 -19 -14 -13 -14 -15 -17 -16  -15 -17 -19 -20 -17 -16 -17 -15
 3  -13 -13 -14 -13 -15 -25 -32 -31  -28 -20 -22 -25 -24 -23 -24 -20  -22 -20 -20 -20 -19 -16 -13 -14
 4  -15 -13 -15 -20 -20 -14 -18 -23  -22 -21 -13  -5  -8 -13 -17 -14  -15 -20 -17 -12  -5  -8 -11 -13
 5  -13 -12 -11 -13 -15 -15 -13 -11  -10  -8  -9  -3  -6  -4  -6 -11  -10  -9  -9  -9  -9  -9  -6  -6

 6   -6  -7  -6  -4  -2  -4  -7  -3    2   5   9  11   8  10  11  17   17  12  10   6   1  -2   0   4
 7    3   3   4   6   8  10  15  21   -2 -15 -22 -11  -7  -2  -7 -12  -10 -11 -14 -26 -21 -22 -23 -29
 8  -29 -22 -18 -17 -19 -14  -9  -7   -7  -6  -6  -8 -14 -15 -20 -25  -22 -13  -8  -7  -8 -10  -9 -11
 9   -7  -1  -2  -5  -3  -1   0  -1    1   2   5   7   8  20  16  15   14   4  -1   3   7  10  11   9
10   10  12   8   2   2 -10  -6 -15  -18  -9  -4  -2   2  -1  -5  -2    1   2  -1  -3  -8 -14 -17 -11

11   -4 -11 -22 -28 -26 -18 -16 -16  -15 -15 -11  -7  -4  -4 -10 -11   -9  -9 -11 -13  -8  -6  -4  -2
12    1  -3  -7  -6  15  21  23  29   26   4 -34 -40 -24 -14 -18 -14  -14 -34 -47 -55 -59 -54 -45 -45
13  -61 -70 -72 -69 -74 -67 -68 -70  -70 -70 -63 -57 -59 -57 -58 -63  -54 -54 -56 -55 -42 -49 -48 -44
14  -38 -42 -49 -56 -58 -51 -57 -65  -55 -45 -38 -43 -38 -37 -40 -43  -46 -46 -40 -33 -27 -23 -21 -24
15  -27 -32 -32 -29 -30 -31 -37 -43  -40 -51 -44 -42 -36 -39 -41 -41  -36 -28 -22 -19  -9  -5  -4  -3

16   -6 -12 -18 -34 -50 -55 -57 -53  -67 -59 -61 -50 -56 -61 -61 -56  -50 -49 -47 -43 -38 -37 -43 -39
17  -33 -33 -36 -32 -26 -22 -20 -20  -18 -14 -13 -12 -13 -24 -38 -39  -31 -31 -30 -30 -27 -20 -18 -19
18  -19 -19 -21 -19 -19 -17 -14 -14  -17 -20 -23 -14 -14 -25 -36 -40  -35 -31 -32 -32 -31 -26 -22 -17
19  -15 -20 -26 -29 -24 -19 -22 -27  -27 -24 -22 -22 -20 -19 -21 -19  -15 -14 -17 -20 -18 -13  -9  -6
20   -9 -11 -13 -18 -21 -23 -26 -31  -30 -29 -27 -22 -16 -13 -13 -15  -14 -16 -19 -22 -19  -9  -1   4

21    6   4  -1  -3  -1   0  -2  -7   -6  -4  -2  -2  -2  -9 -14 -12   -8  -7  -8  -9 -15 -20 -28 -27
22  -35 -41 -35 -28 -27 -23 -18 -17  -19 -14 -12  -5  18  27  22  19   27  25   9  18  18 -63-127-173
23 -155-153-139-142-139-128-113-102 -106-104-100 -91 -86 -87 -86 -82  -77 -74 -72 -68 -61 -57 -54 -50
24  -49 -46 -45 -46 -46 -48 -50 -48  -46 -47 -47 -45 -43 -40 -37 -36  -36 -36 -36 -32 -27 -24 -25 -23
25  -24 -22 -23 -23 -20 -19 -19 -21  -18 -18 -18 -19 -17 -15 -12 -11  -11 -13 -15 -15 -13  -9  -8  -8

26   -9 -11  -9  -7  -7  -9 -13 -15  -12  -9  -7  -6  -4  -4  -7   4  -10 -30 -22   7  -7 -35 -36 -28
27  -30 -32 -29 -24 -22 -29 -33 -40  -47 -32 -32 -35 -46 -48 -48 -61  -61 -60 -64 -61 -63 -59 -56 -56
28  -46 -40 -38 -37 -36 -36 -37 -41  -49 -44 -36 -37 -40 -46 -44 -42  -40 -40 -35 -35 -31 -32 -33 -32
29  -32 -29 -31 -38 -38 -32 -27 -31  -43 -40 -31 -28 -23 -23 -26 -31  -29 -25 -28 -28 -22 -24 -29 -34
30  -40 -39 -54 -61 -56 -55 -58 -57  -52 -54 -46 -46 -46 -42 -40 -30  -28 -26 -25 -24 -22 -21 -23 -21

 1  -20 -22 -24 -26 -22 -21 -23 -23  -21 -19 -18 -17 -16 -16 -16 -17  -15 -16 -16 -19 -18 -16 -12 -13
 2  -17 -23 -23 -24 -21 -21 -30 -31  -30 -27 -23 -20 -20 -20 -19 -18  -18 -13 -11 -10 -16 -14 -11 -13
 3  -13 -15 -16 -17 -13 -12 -11  -7  -11 -30 -32 -27 -17 -12 -14 -18  -16 -11  -6  -5  -9 -13 -12  -6
 4   -4  -5  -3  -7 -22 -33 -33 -27  -24 -25 -22 -13 -12 -12 -14 -12  -15 -23 -32 -31 -26 -18 -24 -18
 5  -11  -8  -5  -6  -6 -13 -12  -2    1   3  -1   1 -19 -17 -15 -14  -19 -26 -25 -20 -19 -18 -19 -14

 6  -10  -9 -10 -14 -15 -15 -15 -15  -12 -16 -12 -10  -6  -5  -5  -6   -6  -7  -7  -8  -7  -4   0   0
 7    0   1  -4  -7  -7  -3  -4  -5   -4  -3  -5  -5  -2  -3  -6  -6   -2   1  -1  -1   1  -2  -1   2
 8    6   9  11   6  -2  -8  -7  -4   -2  -6 -10 -15 -23 -23 -18 -17  -16 -16 -14 -12  -9  -7  -5  -1
 9    0   2   4   2   0   1  -1  -6   -8  -8  -8 -11 -12  -6  -1   0    3   9  11  21  18  12  14  14
10   14   2  -8 -10  -4 -12 -37 -35  -34 -32 -38 -38 -42 -45 -62 -59  -63 -65 -67 -60 -58 -54 -52 -50

11  -50 -49 -46 -39 -40 -37 -43 -52  -48 -40 -34 -41 -45 -42 -36 -34  -34 -26 -18 -22 -18 -24 -35 -36
12  -29 -27 -35 -45 -50 -51 -50 -46  -47 -58 -53 -55 -55 -49 -56 -55  -58 -60 -53 -38 -45 -46 -50 -53
13  -55 -54 -50 -45 -38 -41 -41 -40  -44 -46 -43 -48 -57 -51 -45 -41  -40 -36 -27 -38 -40 -46 -37 -37
14  -38 -35 -35 -34 -34 -35 -33 -30  -24 -21 -21 -18 -32 -42 -47 -47  -36 -29 -26 -27 -34 -36 -34 -33
15  -48 -61 -65 -52 -50 -67 -61 -50  -48 -49 -47 -48 -44 -45 -44 -46  -42 -37 -37 -40 -39 -36 -31 -28

16  -30 -33 -29 -31 -31 -33 -30 -25  -29 -28 -32 -25 -27 -43 -47 -38  -34 -32 -35 -41 -37 -38 -34 -31
17  -34 -32 -35 -30 -27 -33 -35 -33  -38 -36 -36 -46 -54 -48 -39 -31  -26 -32 -32 -30 -28 -24 -22 -20
18  -18 -14 -11  -9 -10 -12 -10 -10  -12 -13 -11 -12 -15 -14 -11 -18  -23 -21 -18 -21 -19 -23 -24 -23
19  -23 -22 -17 -11 -11 -16 -25 -26  -26 -22 -18 -17 -18 -16 -12 -10  -11  -9  -5  -5  -6  -7  -7  -6
20   -3  -3  -3  -1   1   3   6   8    7  10   7   1  -2  -1   3   1    2   2   1  -1  -4   0   3   2

21    4   4  19  23  21  15  17  12   11   8   7  10   9   7   8   9   16  13   2  -5  -2  -3  -4  20
22  -23 -77 -96-109-155-205-237-228 -206-184-183-179-166-142-123-114 -115-112-112-101 -98 -87 -80 -75
23  -69 -67 -69 -76 -76 -70 -69 -69  -65 -59 -57 -56 -55 -52 -50 -56  -67 -70 -69 -64 -61 -66 -74 -72
24  -64 -60 -64 -71 -67 -68 -71 -66  -70 -63 -56 -57 -62 -60 -54 -52  -53 -48 -45 -39 -39 -48 -54 -53
25  -52 -46 -51 -53 -46 -42 -43 -43  -40 -40 -44 -39 -46 -49 -45 -44  -52 -51 -47 -42 -42 -42 -42 -38

26  -36 -34 -30 -31 -26 -24 -24 -26  -24 -23 -24 -30 -33 -34 -34 -36  -38 -30 -24 -22 -26 -27 -28 -28
27  -31 -30 -26 -27 -34 -38 -41 -49  -54 -55 -45 -42 -48 -54 -57 -60  -61 -55 -45 -54 -57 -56 -57 -54
28  -52 -44 -37 -36 -37 -35 -36 -40  -39 -36 -31 -31 -24 -22 -37 -50  -61 -66 -59 -56 -64 -65 -61 -59
29  -59 -52 -48 -43 -42 -44 -45 -48  -46 -39 -30 -30 -32 -29 -21 -19  -19 -18 -17 -19 -23 -20 -22 -29
30  -31 -29 -28 -25 -24 -24 -23 -25  -26 -24 -24 -26 -27 -29 -34 -32  -33 -30 -29 -26 -23 -26 -26 -23

31  -25 -26 -24 -22 -17 -14 -12  -6  -10 -15  -4   1  -4  -2  -1  -1   -5   2  -1  -2  -3  -8  -6 -16

 1  -16 -14  -8  -6  -6  -5  -8 -12  -17 -23 -25 -19 -19 -16 -16 -19  -16 -14 -12 -17 -16 -16 -16 -19
 2  -22 -19 -17 -16 -15 -15 -15 -21  -23 -20 -15  -9 -10 -10 -11 -13  -16 -13 -10 -10 -15 -17 -21 -26
 3  -22 -16 -16 -18 -16 -15 -14 -15  -12  -6  -3  -1  -1  -3  -5  -7   -7  -6  -4  -7  -7 -10  -4  -1
 4    0  -5  -7  -8  -7  -4  -1   0   -2   1   2   4   6   6   5   4    2   1   1  -2  -3  -4  -6  -9
 5   -6  -1   2   3   3   3   7   6    3   4   3   7  10  12  13  10    7   3   3   2   8   6   3  -4

 6  -16 -10  -6  -4  -2   0   3   2    1   0   0  -3  -3  -5  -5  -5    1   5  -8  -7   7  10   6   6
 7    6  -2  -8   1  -1 -28 -32 -48  -45 -25 -28 -35 -53 -50 -64 -67  -62 -56 -57 -62 -59 -54 -46 -42
 8  -59 -55 -49 -44 -48 -47 -41 -46  -43 -42 -41 -44 -55 -70 -73 -62  -51 -47 -52 -52 -54 -55 -55 -51
 9  -49 -49 -49 -48 -57 -55 -48 -44  -47 -51 -52 -56 -55 -43 -42 -47  -49 -44 -35 -30 -35 -40 -37 -36
10  -34 -35 -35 -34 -28 -24 -25 -23  -23 -19 -15 -17 -23 -21 -28 -25  -25 -25 -27 -24 -21 -21 -17 -20

11  -21 -25 -28 -31 -41 -39 -55 -49  -49 -51 -53 -46 -47 -44 -41 -39  -40 -46 -46 -41 -39 -46 -44 -42
12  -41 -39 -39 -39 -38 -36 -36 -37  -34 -30 -29 -32 -32 -33 -27 -31  -32 -32 -31 -29 -30 -27 -42 -47
13  -52 -52 -53 -59 -60 -65 -65 -67  -69 -56 -54 -53 -44 -51 -60 -69  -57 -62 -69 -91-101 -98-106 -94
14  -87 -85 -81 -72 -71 -71 -70 -65  -61 -65 -67 -65 -64 -62 -57 -55  -55 -52 -47 -46 -49 -50 -48 -42
15  -40 -39 -36 -33 -34 -33 -32 -33  -33 -34 -32 -30 -31 -31 -31 -32  -28 -24 -24 -22 -17 -15 -15 -17

16  -18 -17 -16 -16 -19 -21 -23 -23  -17 -14 -18 -30 -51 -66 -74 -77  -79 -69 -56 -48 -43 -34 -29 -29
17  -25 -32 -29 -23 -26 -27 -24 -31  -38 -33 -30 -24 -28 -28 -28 -27  -23 -25 -28 -37 -37 -38 -40 -43
18  -33 -38 -37 -35 -31 -34 -47 -50  -37 -33 -30 -25 -27 -31 -33 -31  -27 -25 -25 -21 -24 -27 -26 -27
19  -31 -40 -43 -36 -35 -36 -38 -39  -33 -30 -31 -32 -32 -36 -37 -37  -36 -34 -32 -33 -34 -28 -29 -29
20  -26 -27 -24 -20 -18 -22 -20 -17  -15 -22 -16 -14 -14 -14 -17 -16  -16 -15 -11  -9  -7  -5  -6  -4

21   -7 -11 -11 -12 -18 -22 -28 -25  -25 -27 -20 -16 -16 -14 -12  -8   -4   4  -5  -6 -15  -4  -2  -7
22    0   0  -4  -1 -11 -18 -20 -22  -20 -17 -10 -19 -11 -14 -15 -15  -19 -22 -20 -14 -10  -8  -5  -3
23   -4  -2  -1  -1  -5 -13 -23 -25  -30 -25 -26 -27 -30 -32 -32 -30  -31 -32 -37 -38 -28 -28 -41 -34
24  -27 -31 -34 -31 -29 -28 -26 -26  -36 -50 -45 -28 -23 -28 -27 -25  -18 -16 -14 -11  -2   0   0   0
25   -4  -4  -5 -10 -17 -14 -16 -20  -13 -10  -2 -18 -14  -7 -11  -5  -10 -11 -20 -21 -19 -20 -21 -21

26  -17 -17 -18 -18 -15 -14 -18 -19  -17 -17 -21 -19 -17 -14 -14 -11  -10 -11 -10 -10  -9  -8  -7  -6
27   -4  -3  -2  -2  -2   2   5   6    7   6   3   3   3   2   3   5    3   2   0  -1   1   0   2   2
28    7   8   7   5   5   0   0  -6  -15 -18 -14  -6  -4  -2   1   4    5  -3 -10 -11 -12 -11  -9  -9
29   -7  -5  -8  -7  -7  -9 -12 -10   -6  -3  -2  -1   0   2   3   3    1   1   0   1   3   3   4   4
30    0  -2   5   3  -3  -4   0  15   20  20  16   7  -2   1   5   4    3   3   2   7  15  10  10   9

 1   12  10   8   4   5   6   5   5    7   6   7   6   8   6   5   5   -3  -2   3   4  -2   1   4   6
 2    7  11  16  15  11  12  14  12   13  13  10  14  18  21  16  15   16  15  16  12  11  11   6   3
 3    2   3  -1   3   3   6   4   2    2  10   8  -9 -11  -7  -9 -15  -28 -25 -19 -13 -20 -18 -15 -10
 4   -8  -7   4  -2 -11  -3  -7 -17  -10 -13 -18 -22 -17 -21 -24 -30  -31 -33 -27 -30 -30 -27 -29 -35
 5  -27 -20 -23 -28 -27 -34 -38 -31  -27 -24 -26 -23 -26 -25 -22 -21  -22 -22 -21 -20 -18 -20 -19 -19

 6  -12  -7  -5 -20 -24 -22 -16 -16  -23 -22 -18 -17 -17 -17 -25 -26  -22 -24 -30 -26 -19 -15 -13 -13
 7  -13 -11 -12 -14 -14 -15 -13 -14  -10  -8 -11 -13 -11 -10  -8 -12  -12 -18 -18 -16 -19 -20 -22 -18
 8  -17 -14 -15 -13 -12 -10 -13 -13  -13 -14 -17 -15 -16 -13 -10  -8  -10 -15 -18 -22 -24 -23 -20 -25
 9  -27 -18 -14 -18 -26 -21 -19 -18  -19 -21 -26 -18 -18 -17 -13 -12  -14 -15 -12 -17 -14 -11 -19 -22
10  -18 -13 -12 -13 -14 -15 -17 -13   -9 -10 -11  -9 -11 -16 -15 -14  -12 -17 -17 -15 -19 -17 -17 -22

11  -19 -12  -7  -7  -9  -7  -2  -5  -10 -15 -14 -16  -9  -6 -11 -14  -11 -11 -13 -13 -14 -14 -14 -14
12  -12  -6  -4  -8 -11 -12 -11 -13  -15 -17 -19 -13 -13 -11 -16 -14   -8  -9  -8 -14 -17 -19 -21 -25
13  -26 -21 -20 -22 -29 -35 -44 -51  -72 -85 -78 -62 -62 -58 -64 -65  -65 -54 -45 -34 -30 -25 -29 -32
14  -33 -29 -24 -23 -25 -22 -23 -24  -25 -24 -26 -28 -28 -30 -28 -24  -22 -17 -13 -12 -19 -16 -15 -17
15  -17 -15 -12 -12 -11  -6  -2   4    5   4   0  -2  -6  -6  -2   0    0  -1  -1   0   3  -2  -9 -11

16   -9  -7  -8  -8 -11 -10 -15  -9   -1   2   2   0  -2  -1   2   4    4  -1  -1   1   1  -4  -8 -11
17  -10  -3  -1  -4  -8  -4  -2   1   -3  -5  -7  -6  -4  -3  -2  -2   -5  -9  -5  -3  -1  -2  -2  -2
18   -3  -1   0   5   8   9   7   5    9   3   4   4   3   4   6  10    7   4   4   5   4   3  -2  -4
19   -4  -2  -2  -1   0   4   6   5    6   5   6   8   1  -4   0   1   -2  -2   1   0   2   3   5   3
20    4   4   4   3   4   7  11  10   11  13  11   5   7   9  12  14   12  10   9  10  12  10   7   4

21    6   8   7   7   8   8   6   6    7   7   8  10  12  10  10  10    9   8   9  10   9   8   8  10
22   10  13  11   8  10  13  16  16   14  13  11   8   8   8   9   9    7   6   4   2   5   7   9  10
23   12  13  14  14  14  16  19  21   24  26  28  29  31  35  35  30   31  27  27  31  31  26  22  21
24   24  21  26  24  19  13   8  11   14   7   9  16  14  13  13  15   14  14  13  13  13  10   3  -3
25   -1   1   6   8   4  -3  -5  -6   -8  -6  -5   0   1   1  -8  -5    0   4   1   1   3   3   4  -2

26   -1  -2  -1   0   0   2   2   2    3   4   6   6   4   4   7   8    8  10   5   4   3   6   5   6
27    2  -8  -5   7  14  14  10  13   12  11  11   2  -2   0   2   4    1  -1  -4  -4  -5  -4  -4  -6
28   -7  -7  -4  -3  -3   0   5   9   12  11  11   7   4   2   0  -1    2   5   3   4   4  -7 -14 -15
29  -17 -24 -27 -27 -15  -8  -4  -1    5   9   6   5   6   6   5   4    5   3   1  -1  -1  -4  -8  -7
30   -5  -2  -1   0  -1   2   4   8    7  10   8  10  12  14  20  23   25  28  28  24  18   6   6   7

31    0   3  -6  -8  -8 -13 -12 -17  -17 -17 -16 -13 -10 -22 -17 -12  -16 -24 -29 -32 -37 -34 -37 -50


