 1   -6  -2   2   4   1   0   1   0   -2  -7  -7   1   5   9  12  13    9   4   5   4   2   5   4  -1
 2   -3  -1   3   7   9  11  15  14   11   8   8   8   8   8  16  16   14  15  17  19  22  24  17  18
 3   17  25  11  -3 -21 -35 -33 -21  -15 -17 -23 -21 -12  -8  -5  -1   -1  -1   1   2   0  -4  -7  -8
 4   -9  -2  -1   0   2   4   0  -2   -4  -4  -7   1   4   5   7   4   13   4 -10  -9 -10 -10  -9  -8
 5   -8  -8  -7  -4  -5  -6  -5  -7   -8  -9 -10  -6  -5  -6  -5  -4   -4  -8 -14 -12  -8  -4  -8 -10

 6  -12 -11  -7  -3   0   1   0  -4   -5  -5  -5  -3   0  -1   0  -1   -1   2   1   1   0   2   4   4
 7    3   2   2   0  -3  -6  -8  -8  -10 -10  -9  -7  -4  -5  -5  -1   -1  -2  -3  -1  -1   1   7   5
 8    5   5   3   2   3   2  -1  -3   -6  -5  -3   4   7   5   8   9    7   4  -1   3  -3 -10 -19 -18
 9  -11  -9 -10 -11 -11 -12  -9 -10  -14 -22 -26 -24 -20 -15 -17 -16  -15 -13 -12 -11  -6  -3  -3  -5
10   -5  -5  -2  -3  -2  -2  -2  -2   -4  -7  -8  -4   0   3   3   0    6   3   1   6  13   0   5   8

11    8   8   6   3   1   1   1   0   -2  -5  -8 -10  -8  -6  -9 -11  -15 -16 -16 -12 -15 -12  -9  -6
12   -5  -5 -12 -14 -16 -23 -26 -25  -26 -29 -30 -26 -23 -18 -17 -16  -17 -16 -18 -18 -21 -20 -17 -12
13   -9  -8  -1   5   6   5   5   5    1  -2   4   4   2  -7 -11  -5   -2  -3  -6  -7  -6  -9  -6  -3
14   -1   0   1  -3  -4  -6  -4  -4  -11 -17 -17 -16  -8  -7  -9  -7   -8  -7  -4  -2  -7 -12 -16 -15
15  -12 -11  -9  -6  -3  -3  -3  -4   -8 -11 -11  -9  -5  -9 -13 -18  -21 -24 -26 -21 -19 -16 -14 -13

16  -10 -10  -7  -5  -2  -2  -1  -3   -4  -3   0   2  -1  -3  -4  -6   -7 -13 -10  -9 -13 -10  -7  -6
17  -12 -20 -17 -10  -8  -1   0   2    3   6   8  11  19  18  13  13   15  15  10  12  15   9   6   9
18    8   5   3   1  -2  -3   0   2   -2   5  12  17  20  21   7   4    4   2   2   5   0   1  -1   0
19    0   0   0   5   7   9   9   9   12  16  17  16  11   6   6   5    4   3   9   2   4   4   9  14
20   15  16  18  18  16  14  11   5    0   0  -1   3   7   5  -3  -8  -13 -16 -19 -20 -15 -14 -17 -11

21  -14 -20 -25 -23 -23 -22 -23 -20  -13 -10 -11 -13 -14 -25 -29 -36  -38 -35 -29 -32 -37 -40 -27 -26
22  -32 -32 -31 -24 -21 -26 -29 -29  -23 -23 -30 -32 -23 -18 -20 -24  -21 -21 -21 -24 -22 -21 -24 -23
23  -22 -22 -20 -17 -16 -16 -17 -17  -17 -21 -14  11  14  12   7  -4   -8 -10  -8 -17 -25 -25 -22 -16
24  -19 -25 -18 -11 -14 -18 -23 -26  -29 -26 -26 -28 -29 -38 -46 -52  -55 -58 -61 -48 -51 -50 -47 -42
25  -41 -34 -28 -24 -28 -27 -25 -24  -28 -32 -32 -28 -25 -26 -26 -21  -20 -22 -22 -24 -27 -26 -29 -32

26  -30 -23 -20 -24 -29 -33 -34 -35  -31 -31 -31 -27 -27 -28 -30 -27  -26 -27 -21 -22 -20 -24 -20 -12
27  -10 -14 -17 -17 -19 -19 -20 -19  -20 -24 -25 -21 -19 -17 -15 -13  -10 -11 -13 -14 -12 -13 -14 -10
28  -11 -12 -10  -4   3   2  -4 -12  -20 -17 -12  -9  -6   2   5   5   10   6   9  13   9   6  10   7
29    3   1 -21 -27 -18 -11 -23 -29  -26 -22 -19 -17 -15 -14 -11 -10  -12 -13 -14 -18 -18 -17 -19 -17
30  -16 -16 -14 -15 -14 -10  -8  -8   -8  -7  -8  -9  -7  -8  -8  -9   -9  -6  -6  -6  -7  -7  -6  -6

31   -8 -10  -8  -5  -3  -2  -2  -4   10  -4 -30 -37 -27 -25 -25 -30  -39 -39 -45 -42 -42 -39 -40 -36

 1  -32 -29 -29 -32 -37 -38 -40 -41  -40 -34 -28 -29 -26 -25 -26 -21  -16 -12 -11  -9 -11 -12 -13 -14
 2  -18 -21 -22 -20 -19 -18 -18 -17  -17 -13  -6  -5  -9  -9  -8  -7   -7  -8  -6  -8  -9 -10  -9  -9
 3   -8  -6  -5  -5  -3  -2   0   0    0   1   1   1  -2  -3  -6  -4   -3  -2  -3  -2  -3  -3  -2  -1
 4   -3  -4  -4  -2   1   4   5   5    6   7   8   7   7   9   8   9    7   3  -1   0   1   4   7   8
 5    6   6   6   7   7   8  11  12   14  12   9  10  11  10   9   9   12  14  13  14  15  14  14  10

 6   15  15  21  21  18  23  22  -6  -31 -24 -20 -13  -7  -8  -8  -5    0  -5 -11  -7  -2  -5  -3  -5
 7   -3  -4  -8  -8  -6  -5  -8 -12  -15 -16 -10  -1   1   0  -4  -6   -9  -9 -10  -7  -6  -5  -2  -1
 8    1   0   0  -1  -7 -11  -9  -8  -10 -12  -8   0   7   9  10  11   10   6   3  -3  -7  -3   3   7
 9    8  10  12  11  13  15  13   8    5  -1  -2  -3  -7  -6   1   4    2   2   3   2  -3  -5  -1   2
10    4   4   6   9   9   9   9   6    0  -2  -8  -8   0   4   4   1   -5  -7  -1   2   0   0   2   3

11    4  -2   0   5   3   4   2  -6   -9  -7  -8 -11  -7  -4  -5  -3    1   4   7   9   7   8   8   9
12    3   3   6   6   6   7  10  10   10   7   6   9  10   9   6   3    7   4   6  11  10   8   7   5
13   13   5   6   8  12  -9 -16  -8  -14 -21 -26 -17 -10  -5  -4  -8   -7  -7 -11 -18 -39 -50 -46 -45
14  -43 -41 -43 -43 -41 -41 -40 -40  -39 -35 -35 -35 -31 -29 -22 -28  -34 -34 -25 -27 -27 -27 -32 -29
15  -26 -22 -20 -21 -22 -22 -20 -23  -22 -22 -22 -20 -18 -14 -11 -11   -8  -4  -3  -7  -8 -10 -12 -12

16  -11  -9  -9  -9 -10  -9  -6  -6   -6  -5  -5  -5  -5  -4  -6  -6   -4   0   4   3   1   1  -1  -2
17    0  -1  -3  -5  -4  -3  -5  -6   -5  -4  -7  -5  -3  -1  -1   0   -1  -2  -5  -4  -7  -9 -10  -7
18   -5  -3  -1  -1  -3  -2  -3  -3   -3  -2  -1  -2   0   4   4   3    3   5   9  12  11   8   6   4
19    5  11  15  12   7   6   1  -1   -4  -8 -14 -10  -7  -1  -4  -1    0   2   0  -1   1   5   8  10
20   12  13  17  15  11   6   5   6    7   2  -5 -11  -9   1   4   1    2   3   9   7   7   7   6   4

21   -1  -6  -7  -7  -8  -7 -11 -17  -17 -20 -19 -15  -8  -3  -1  -1   -3  -1  -2   0   0   0   5   8
22   11  12  14  13   9   6  -1  -5   -6  -3  -2  -2   1   3   2  -2   -3  -2  -2  -2  -6 -12 -17 -20
23  -21 -16  -4  -5  -8 -12 -12 -16  -26 -28 -32 -31 -23 -13 -17 -20  -15  -8  -3  -1  -6  -9  -7  -4
24    0   3   4   3  -1  -2  -2  -3   -4  -3  -5  -9  -9 -10  -7  -8   -7  -4  -2   0   1   1   2   3
25    4   6   7   4   4   2   4   6    6   6   7   8   8   6   5   5    6   7   8   9  11  12  10   9

26    8   9  10  10   9   7   7   4    4   4   4   6  10   8   7   2    0   0   2  -4 -14 -22 -22 -18
27  -14 -14 -24 -24 -26 -25 -29 -35  -37 -30 -24 -17  -6  -4  -5  -7   -8  -6  -4  -2  -4  -6  -7  -8
28   -9  -7  -8  -8  -7  -4   0   4    5   3  -2  -1   0  -1  -8  -8   -7  -5 -10 -12 -10  -9  -9 -14

 1  -16 -17 -12 -12 -12 -11  -8  -3   -3  -1  -1   0   1   1  -1  -3   -2  -1  -2  -3  -1   0   3   4
 2    5   0  -1  -2  -1   0  -2  -1    5   6   4   4   4   3   3   1    1   0  -5  -3   3   0  -2  -7
 3  -10  -9 -11 -13 -14 -13  -9  -2    1  -1  -4   3   2  -3   6  10    4   2   0  -8  -9  -6  -2  -5
 4   -7  -7  -5  -5  -8 -11 -11 -11  -10 -14 -20 -24 -23 -14 -11 -16  -16 -17 -14 -19 -24 -29 -44 -52
 5  -71 -71 -73 -58 -48 -39 -41 -52  -53 -43 -34 -30 -29 -24 -22 -22  -16 -14 -14 -12 -12 -14 -17 -18

 6  -17 -17 -20 -23 -24 -23 -21 -16  -13 -13 -10 -11 -12 -12 -14 -14  -12 -11  -8  -8 -12 -10  -7  -6
 7   -7  -5  -5  -8 -14 -17 -16 -11   -9  -7  -8 -13 -12  -9  -8  -9  -13 -14 -11  -8  -6  -5  -6  -6
 8   -5  -3  -2  -4  -5  -5  -8 -12  -14 -16 -14  -9  -4  -2  -1  -3    0   1  -1  -1  -4  -9 -10  -5
 9   -6  -4  -6  -7  -8  -7  -7  -3    0  -3  -8 -12 -11 -10 -12 -12   -7  -5  -3  -1  -1   0   1   3
10    5   6   6   3   0  -2   0   2    0  -4  -2   0   2   2   2   3    4   6   3   1  -1   2   2   3

11    3   3   1  -1  -1   1   0  -3   -2  -2  -2  -1  -2  -1   0   0    1   0   1   3   6   8   9   7
12    7   8   7   7   6   7  12  13   12  12   5  -7  -7  -6   8  14    8   5   0   0 -14 -20 -26 -28
13  -24 -23 -22 -25 -25 -24 -25 -24  -21 -18 -19 -17 -16  -6  -2  -3   -6  -8  -5  -2  -1  -9 -10  -8
14   -5   1   1  -3 -10 -10 -13 -15  -17 -24 -23 -14  -9  -7  -6  -6   -5  -7 -11  -9  -6  -5  -6  -4
15   -3  -2  -3  -4  -5  -4  -2  -3   -5  -8  -7  -5  -5  -6  -7  -5   -2  -2   1   4   4   2   2   3

16    6   7   6   5   6   6   5   5    6   5   5   8  11   9   4   1    1   0   2   6   4   2   3   6
17    5   5   3   3   4   7   8   8    7   8   8   8   8   9  12  12    8   4   1  -1  -3   0   2  -2
18   -5  -9  -7  -1  -3 -10 -11  -8   -5  -5  -5  -8  -8  -5  -4  -3   -4  -7  -5  -1   0  -3  -4  -7
19   -8 -10 -11 -12  -9 -10 -14 -16  -10  -6 -11   1  -1 -22 -26 -17  -23 -52 -62 -78 -88-105 -95 -86
20  -83 -73 -74 -76 -87-104-105-122 -129-123-126-137-145-149-134-148 -146-134-127-130-126-118-111-100

21  -83 -77 -75 -75 -78 -79 -82 -77  -71 -65 -65 -63 -66 -65 -62 -61  -58 -54 -52 -52 -52 -52 -55 -52
22  -48 -44 -42 -40 -41 -39 -37 -32  -30 -23 -21 -17 -12  -2   6 -12  -20 -29 -32 -34 -37 -42 -45 -44
23  -42 -44 -49 -53 -54 -58 -54 -55  -49 -56 -62 -56 -51 -51 -57 -70  -75 -64 -52 -54 -50 -56 -50 -43
24  -39 -35 -32 -29 -27 -33 -43 -43  -33 -23 -26 -29 -27 -22 -24 -24  -19 -14 -21 -17 -19 -20 -24 -27
25  -26 -26 -24 -23 -23 -20 -20 -23  -25 -26 -24 -22 -22 -22 -22 -20  -18 -15 -13 -14 -14 -13 -15 -16

26  -17 -16 -13 -12 -13 -13 -13  -9   -4  -2  -2  -6  -8 -11  -8  -9   -8  -6  -5  -6  -5  -2  -5  -7
27  -11  -7   4   5  -4   2   1  -5   -3   3  -2   2   1  -1  -2  -2   -4   2  22  36  14  -1 -39 -51
28  -51 -56 -55 -50 -46 -43 -41 -38  -30 -36 -37 -34 -39 -69 -86 -87  -79 -58 -64 -55 -51 -48 -54 -55
29  -53 -53 -45 -45 -51 -47 -31 -33  -32 -30 -23 -28 -27 -28 -28 -20  -30 -28 -23 -21 -22 -26 -31 -31
30  -31 -27 -24 -22 -17 -15 -16 -16  -14 -12 -18 -22 -14 -16 -15  -9   -9  -3  10   1   6   5  15   5

31    0   3   5  26  -8-156-262-351 -387-346-317-292-259-249-220-222 -214-247-254-269-256-284-269-233

 1 -228-213-205-193-181-166-161-162 -148-138-142-142-134-126-116-110 -105 -98 -91 -87 -86 -80 -83 -91
 2  -99 -99 -99-101-101 -99 -87 -86  -84 -78 -75 -61 -59 -56 -59 -66  -61 -60 -55 -48 -49 -43 -38 -42
 3  -41 -36 -37 -34 -30 -32 -36 -35  -33 -30 -33 -32 -32 -28 -27 -25  -22 -28 -26 -20 -17 -18 -20 -23
 4  -27 -25 -26 -25 -28 -25 -19 -13  -11  -7  -7  -8 -11  -9  -9  15    7  -3  -6 -20 -14 -22 -30 -31
 5  -29 -28 -32 -36 -36 -34 -36 -50  -42 -26 -34 -48 -38 -29 -30 -28  -26 -21 -31 -28 -20 -13 -25 -30

 6  -23 -18 -22 -22 -23 -20 -21 -31  -30 -22 -18 -20 -21 -15 -10 -12   -8  -6  -6  -8 -22 -23 -21 -18
 7  -10 -13 -35 -29 -39 -40 -41 -42  -38 -39 -41 -42 -40 -36 -34 -36  -33 -20 -11 -16 -18 -26 -31 -28
 8  -30 -33 -26 -23 -23 -25 -28 -31  -34 -31 -27   4   0  -3 -50 -59  -46 -45 -45 -33 -43 -57 -57 -55
 9  -53 -53 -52 -53 -54 -59 -63 -62  -57 -56 -52 -49 -44 -42 -48 -47  -43 -44 -47 -56 -62 -60 -56 -55
10  -52 -50 -46 -43 -42 -38 -39 -38  -34 -30 -31 -28 -26 -27 -31 -32  -36 -34 -30 -22 -17 -17 -25 -24

11  -28 -31 -30 -29 -31 -29 -24 -27  -24 -21 -23 -24 -21 -17  -8  -2  -26 -84-105-104-147-205-215-271
12 -236-215-210-187-170-164-162-155 -148-134-125-117-112-107-109-108 -102 -95 -91 -85 -79 -77 -77 -76
13  -76 -74 -72 -70 -66 -66 -66 -59  -41 -31 -14 -60 -43 -50 -64 -77  -71 -60 -58 -56 -66 -68 -71 -75
14  -75 -68 -64 -57 -53 -48 -53 -40  -41 -39 -45 -43 -38 -33 -35 -40  -38 -35 -30 -30 -28 -29 -32 -35
15  -36 -36 -37 -34 -35 -33 -35 -34  -37 -37 -38 -38 -35 -30 -29 -29  -30 -25 -22 -21 -20 -21 -25 -30

16  -33 -36 -36 -34 -32 -31 -30 -24  -21 -19 -22 -21 -20 -17 -18 -22  -22 -20 -20 -19 -19 -19 -19 -21
17  -25 -30 -29 -25 -21 -24 -25 -22  -15 -12 -12 -14 -14 -14 -13 -18  -18 -12 -14 -18 -18 -18 -21 -29
18  -25  -8 -24 -49 -94-104-114-109 -102 -83 -74 -72 -68 -67 -69 -71  -73 -71 -68 -71 -69 -67 -66 -70
19  -73 -78 -71 -62 -59 -55 -50 -44  -40 -37 -38 -38 -35 -31 -31 -31  -31 -27 -20 -22 -23 -25 -26 -27
20  -30 -29 -33 -34 -29 -24 -24 -22  -18 -19 -20 -24 -25 -21 -17 -18  -19 -14 -13 -14 -13 -13 -15 -12

21  -10 -13 -14 -13 -12  -8  -5  -2   -1  -3  -6  -7  -6  -7  -9 -11    8  11  10  11  11  12  12   8
22    4  -4  -9 -17 -21 -18 -25 -36  -35 -41 -43 -50 -64 -79 -92-102  -93 -84 -77 -83 -85 -89 -87 -80
23  -72 -71 -74 -80 -83 -78 -66 -69  -74 -78 -76 -60 -53 -53 -57 -55  -48 -40 -34 -33 -30 -32 -32 -30
24  -29 -29 -27 -28 -29 -33 -40 -39  -36 -35 -28 -26 -29 -30 -31 -30  -29 -24 -24 -25 -23 -21 -17 -19
25  -20 -21 -21 -18 -16 -13 -11  -8   -7  -9  -3  -1  -4  -5   0   3    1   1  -2  -2   4   4   0   0

26   -4  -5  -2  -3  -3  -8 -11 -10  -11  -6  -7  -8  -5  -4  -5  -4   -6  -5  -3  -2  -4  -5  -6  -9
27  -10  -8  -9  -9  -4  -1   0   2    0  -1  -4  -4  -4   0   2   2    2  -2  -3   0   0  -2  -1   0
28   -1  -3  -1   2   5  41  39  33   32  20   6  -6  -1   1 -18 -26  -20 -18 -33 -30 -23 -27 -20 -19
29  -12 -25 -47 -47 -39 -31 -23 -14   -9  -2  -1  -4  -6  -9 -15 -22  -24 -20 -14 -11 -10 -13 -15 -16
30  -19 -22 -23 -21 -20 -19 -16 -14  -11 -12 -14 -14 -13 -12 -13 -14  -13 -12 -10  -4  -2  -5  -6  -6

 1   -6  -8  -9 -13 -11  -8  -4  -1    1  -3  -1  -2   1   2  -3   2    3   6   8   8   4   4   3   2
 2    2   0   2   8  13  13  14  12    9  12   7   2   5   8   7   4    1   1   2   5   7   6   5   3
 3   -2  -7  -5   0   3   5   7  11   14  13   6  -3   4   9   9   7    2   6  13  15  11  13  11   9
 4    6   7  10   8   5   0  -2   7    4   5   1   6   5   0  -1  -1    0   2   6   5   4   4   8   7
 5    4   2   0   0   1   2   3   3    5   6   5   5   5   5   4   4    2   1   0   4   6   6   2   4

 6    3   4   5   6   8   9   8   9   12  14  18  14  12   8   6   4    7  10  12  13  14  12   8   4
 7    0  -8 -17 -31 -36 -35 -22 -19  -21 -25 -15  -7  -8 -13 -13 -19  -24 -21 -21 -18 -15 -14 -17 -18
 8  -20 -21 -20 -17 -16 -16 -14 -14  -10  -8  -7  -2 -15 -17 -15 -22  -25 -26 -29 -27 -31 -32 -34 -39
 9  -48 -47 -57 -49 -55 -50 -48 -43  -40 -46 -41 -31 -26 -32 -40 -48  -57 -67 -68 -65 -52 -56 -64 -63
10  -73 -76 -74 -76 -68 -69 -71 -68  -58 -55 -54 -46 -43 -39 -42 -42  -43 -48 -48 -46 -37 -35 -42 -44

11  -44 -46 -46 -40 -33 -32 -32 -33  -32 -29 -28 -27 -27 -27 -30 -33  -36 -37 -35 -32 -34 -37 -40 -48
12  -44 -43 -36 -28 -28 -21 -26 -36  -43 -41 -39 -40 -39 -29 -33 -36  -34 -35 -38 -37 -36 -38 -32 -35
13  -45 -42 -35 -32 -26 -22 -22 -20  -15 -15 -11 -14 -10 -10 -15 -22  -26 -23 -26 -31 -38 -48 -48 -39
14  -39 -41 -40 -40 -33 -30 -28 -24  -20 -18 -18 -20 -20 -20 -21 -24  -25 -27 -25 -16 -13 -16 -19 -19
15  -23 -23 -21 -19 -20 -23 -21 -18  -21 -21 -21 -19 -19 -19 -23 -23  -16 -16 -21 -21 -18 -10 -10 -10

16  -13 -14 -17 -19 -16 -15 -17 -14  -13 -10 -12  -9  -8  -9 -11  -8   -3  -1   1   3   3   1  -5  -8
17   -9  -8 -10 -12 -11 -10  -9  -4   -2  -3  -4  -5  -4  -7  -9  -8   -5  -5  -1   0  -1  -6  -3   0
18   -2  -7 -11  -2   2  -1  -3  -1    3   4  11   8   7   3  -3  -2   -1  -2  -1   2   5   6   0  -1
19   -3 -14 -25 -23 -16 -16 -16 -16  -13  -9  -7  -6  -7  -9 -10  -9   -7  -6  -8 -12 -11  -5   2   8
20    9   6   2  -2  -3  -4  -3   0    3   0  -2   0  -3  -3   0  -1   -2  -3   0  -2  -2   2   6   9

21    7   4   3   4   5   6   2   2    3   2   5   5   6   3   5   6    8   8   8   5   6   6   9  15
22   14  21  26  25  22  21  18  17   17  16  15  14  16  16  16  18   16  14  18  27  33  25  22  22
23   24  21  27  30  23  14  17  20   22  24  21  22  21  17  16  15   16  14  10  11  13  13  16  17
24   11   5   4  -1  -1   3   6   8    7   6   5   6   6   6   8   9    6   3   5   5   2  -3  -5  -3
25    2   3   5   8  10  10   7   8   10  10   7   7   8   9   7   4    6   5   1   1   2  -1  -2   0

26    0   2   4   6   7   6   6   2   -2  -1   6   7   5   3   2   4    4   3   2   5   8   6   3   4
27    4   5   5   5   8  10  10  10   12  11   9   8   9  12  14  24   22  26  25  22  18  14  14  14
28   12  10  14  17  16  15  19  20   22  20  10  -3  -3 -12 -23 -34  -37 -36 -42 -38 -41 -38 -32 -36
29  -28 -19 -14 -12 -11  -9 -10  -8   -3   2   1   1  -5  -8 -18 -13  -14 -15 -15 -14 -12 -11 -12 -12
30  -12 -12 -11 -10  -9  -9 -10  -9   -7  -6  -6  -6  -4   2   1   0    0   0   5   4   1  -2  -3  -3

31   -3   3   5   7   7   5   3   3    2   3   3   2   1   0  -1   0    9  12   9  12  11  14  13  13

 1   16  15  15  14  14  14  14  16   19  23  25  22   9   9  10  15   14  15  18  27  29  37  30  26
 2   22 -12 -27 -21 -15 -22 -26 -21  -14  -7  -7  -3  -2  -7 -10 -11  -14 -19 -26 -24 -19 -19 -14 -12
 3  -11  -9  -7  -7  -6  -9 -15 -12   -7  -3   0  -1  -1  -2  -4  -4   -1  -1  -7 -11  -9 -10 -10 -12
 4  -13 -17 -19 -14 -12 -13 -11 -11   -7  -2   2   5   4  -1  -4  -1    2   1  -3  -3  -4  -7  -8   2
 5    5   1   1   2   3   1  -2  -2    2   4   3   1   0   0   1   2    3   5   2   1  -1  -3  -7  -6

 6   -3  -6  -5  -4  -1   0  -3  -1    7  10   8   8   8   5   2   4    0  -4  -4  -2   3   3   3   4
 7    6   4   3   7   3  -3  -6  -9   -8  -2   2   2   0  -2  -5  -7   -5  -3  -4  -2   3   6   6   8
 8   10  10  12  17  19  16  19  18   21  19  13  16  17  12   7  11   10  10  13  11  13  11   9  10
 9   17  21  23  22  16   4   5  -2   -2   3   4   6   2   2   3   1    4   1   0 -17 -22 -36 -33 -24
10  -23 -33 -31 -29 -27 -26 -26 -25  -20 -19 -18 -16 -20 -21 -21 -22  -21 -14 -13 -14 -14 -11  -9  -9

11   -9 -10  -9  -8 -10 -12 -15 -15  -12  -6  -1   2   1   3   5   2   -3  -6  -6  -3  -1   1   2   0
12   -4  -5  -5  -6  -6  -3  -2  -1    0   4   6   6   5   2   0   3    5   3   0  -5  -9  -9  -8  -9
13  -12 -13 -13 -10 -15 -20 -16 -16  -18 -20 -23 -23 -19 -18 -18 -17  -16 -14 -15 -14  -9  -9  -8  -6
14   -4  -4  -6  -4  -4  -4  -4  -2    1   3   1  -1   1   5   4   6    9   7   2  -3  -5   3  16  10
15    8  12  13  11   6   1   0  -3   -4  -4  -6  -4  -4  -5  -6  -6   -3  -1  -2   0  -1  -1  -1   1

16    9  12  11   7   9  11   6   4    8   6   5   7   7   5   5   5    4   3   0  -4  -7  -6  -2   1
17    1   0   1   2   3   5   3   2    5   8   7   3  -1   0  -4  -2    1   1  -5  -9  -9  -8 -10 -12
18   -8  -2   3  23   2 -23 -35 -52  -61 -58 -51 -55 -46 -41 -43 -41  -35 -29 -32 -46 -55 -47 -50 -42
19  -42 -46 -41 -43 -43 -43 -43 -42  -35 -28 -25 -26 -28 -25 -22 -12   -5  -4 -14 -24 -25 -26 -17 -16
20  -20 -21 -17 -15 -17 -23 -22 -21  -21 -22 -20 -16 -20 -23 -26 -26  -22 -16 -18 -21 -20 -19 -14 -13

21   -9  -9 -12 -16 -17 -18 -26 -29  -28 -22 -19 -24 -21 -16 -17 -16  -16 -19 -26 -30 -28 -29 -27 -24
22  -26 -22 -19 -16 -12 -12 -15 -17  -17 -14 -13 -13 -13 -12 -12 -12   -9  -7  -4  -3  -3  -2  -2  -4
23   -7  -7  -8  -8  -6  -7  -8  -9   -8  -6  -5  -5  -5  -5  -2  -1   -3   0   5   6   8   9  10   6
24    3   2   3   3   3  -1  -3  -8   -5  -2  -2  -3   1   2   2   2    1   8   8   2  -1  -4  -4  -3
25   -1  -1  -3  -3  -3  -3  -8  -9   -4   2   6   3   1   2   1   1    1   7  10  10  11  12  12   8

26    7   8   9   8   9  11  10   7   10   3   7  11   6   0  -2  -7  -16 -18 -21 -14 -17 -18 -17 -17
27  -20 -19 -14 -16 -18 -16 -12 -10   -6  -4  -2  -1  -1  -1  -4  -8   -7  -4  -6  -7  -3  -4  -2  -2
28   -5  -1   2   4   3   1   1   1    3   1   0  -1  -1   1   2   3    4   7   6  10   4   7   8  10
29   10  11  13  13  12  15  16  15   14  11  11  12  14  14  14  10    7   6   4   5   7  11  13  15
30   16  19  18  17  18  19  19  18   17   8   0  -6  -1   1   1  -1   -3  -3  -7 -11 -10  -8  -8  -9

 1   -9  -6  -3  -4  -5  -5  -4  -2    2   4   4   4   7  11  11  10   10   9   1  -9  -4  -5  -5  -2
 2    5   7   4   1  -2  -2   1   3    4   4   2   4   5   5   5   5    6   6   6   2  -2   2   5   7
 3   11  11  12  15  18  18  18  21   19  14  11  10  10  10   6   1   -4  -5  -4  -4  -1   1  -1  -5
 4   -7  -7  -2   2   1  -1   2   4    7  10  11  11  15  19  22  23   18  14  14  13  10   7   5   3
 5    5  11  12   4   6   4   8   7    7   8   4   6   8  10   9   6    7   6   2   1  -2  -3   0   1

 6   -2   0   0   1   4   5   6   4    4  10   5   5   6   7   5   4    3   5   3  -6  -7  -6   0   1
 7    2   1   2   3   6   7   6   5    5   6   8  10  11  10   7   5    3   3   5   4   2   6   6   7
 8    8   8  14  14  17  18  11   8   12  14  17  16  19  24  27  26   20  19  19  15   8  -4 -11 -16
 9  -25 -32 -26 -21 -17 -16 -12 -12   -9  -5  -1   1   2  -1  -3  -4   -5   0   0  -1   0  -3  -5  -4
10   -2  -2   1   1  -3  -4  -7 -11  -14  -9  -8  -6  -6  -9 -13 -19  -21 -21 -19 -18 -21 -26 -31 -37

11  -38 -37 -33 -31 -30 -30 -27 -26  -25 -21 -16 -16 -16 -17 -15 -14   -9  -5  -3  -3  -2   1   5   7
12    6   6   9   3   2   3   3   2    2   1   5   4   2   3   4   4    7   7   8  10  13  12  12   4
13    1   0   1   3   1   4   6   8   10   9   7   4   3   4   4   5    5   7   9   8   2  -2  -2  -4
14    0   8  -3  -6 -14 -17 -14  -9   -5  -2  -1  -4  -5  -9 -11 -14  -18 -14  -7  -4  -1  -2   0   2
15    2   1   3   4   3   3   6   7    6   6  10   9  11  12  12   4   -8 -17 -16 -15 -18 -19 -13  -6

16   -5 -11 -13 -16 -10   0  -1  -3   -2   1  -1   1  10  10   7   1    3   8   9   7   5  -4  -5 -12
17  -16 -15 -18 -19 -18 -18 -12 -11  -12  -9  -9  -7  -9 -13 -14 -17  -14 -12  -9 -10 -10 -12 -12 -12
18  -14 -13  -7  -4  -5  -9  -9  -8   -6  -3  -4  -6  -8  -8 -11 -12  -10  -6  -4  -3   1   4   5   2
19   -1   1   4   3   1   2   4   2    2   2   4   1  -3  -4  -2  -4   -4  -5  -3  -1  -3   1  -2  -1
20   -1   0   3   2   1   0  -1   1    0  -3  -1  -1  -2   0   3   3    2   2   1   3   3   1   1   1

21   -1   1   5   5  10  10  10   8    6   8   9  11  11   9  11  10   12  13  17  20  23  22  15  10
22   11  12   6  -1  -8 -11 -15 -18  -16 -15 -14 -14 -14 -12  -9  -9   -6  -5 -10 -11  -7  -4  -3  -5
23   -7 -11 -10  -4   0   2   2   1   -2  -4  -4  -1  -2  -3  -3  -4   -4   0   2   4   3   5   4   1
24   -1   2   3   2   7  21  20  14   14  17  15  11  10  14  21  27   11   0  -6  -5  -2  -1  -3   0
25    5   8   7   5   3  -2 -13 -15  -16 -19 -21 -17 -12  -8 -10 -17  -22 -20 -22 -26 -22 -19 -16 -15

26  -20 -27 -27 -29 -28 -24 -21 -17  -15 -18 -18 -15 -11 -10  -9  -9   -8  -5  -7 -11  -9  -8  -9 -10
27  -11  -9  -8  -4   0   4   5   2   -3  -6  -5  -2  -3  -7  -7  -6   -7  -5  -2  -3  -2  -4  -8  -9
28   -8  -8  -6  -5  -3  -2   1   1    3   1   1   0  -3  -2   0   1    1   2   3   4   7   6   6   6
29    9  10   9   7   4   1   1   2    0  -1  -3   1   8  10  10  10   11   7   7   3   6   8  11  14
30   17  15  17  15  13  13  14  10    6   4   8  13  15  15  14  16   13   8   6   4   5  -2  -4   2

31    8  15  12  13  -5 -22 -35 -27  -22 -19 -17  -8  -6 -11  -4  -6  -11 -22 -18 -18 -13 -18 -20 -18

 1  -18 -12  -9 -11 -12 -11  -5  -6   -7  -9 -11  -9  -1   6   2   0   -1   4   2  -1  -3  -5  -7  -7
 2   -7  -2   3   6   8   7   4   7    7   7   9   4   4   3   7  13   14  15  16  14  12  10  13  13
 3    8   9  14  13  11   7   0   5  -10  -4   0   3  -1  -1  -4  -4   -2  -1  -1  -3  -8 -13 -11  -8
 4   -6  -6  -4  -1   0  -1   2   5    4   5   5   3   1   2   2   3    1  -3 -12 -15 -17 -17 -17 -13
 5  -11 -10  -3   3   3   2  -3 -13  -18  -9  -5  -6  -7 -19 -34 -40  -25 -22 -28 -34 -33 -33 -23 -17

 6  -17 -11 -11  -9  -2  -5  -4  -8   -9 -17 -15 -19 -14 -18 -23 -23  -20 -28 -31 -32 -29 -29 -26 -24
 7  -26 -21 -14 -10  -9  -9  -7 -11  -13 -11  -5  -6  -8 -10  -6  -2    1   0   0  -1   1  -3  -4 -10
 8  -17 -16  -9  -6  -1   1  -4 -11  -15 -14  -7  -4  -4  -1   3   7    9  10   9   9   6   4   5   5
 9    4   3   7   7   4   2   3   4    2   1   1   2   1   0   1   3    4   8   8   5   0   1  11  14
10   15  15  19  24  24  14   9   5    4   4   4   6   6   6   8  10   12  11   7   9  10   5   2  -3

11   -8  -7  -2  -1  -1   0   2   4    4   3   2   5   7   5   6   6    7  11  11  13  15  16  14   8
12    3   2   1  -2  -1   1   4   5    7   9  12  23  39  36  42  41   34  19  18  25  25  19  18  21
13   18  12   6 -11 -32 -20 -17 -20  -25 -20 -17 -12  -8  -3  -1  -1    2   2  -8  -4   1   1  -4  -3
14    0   0  -4  -7  -5  -4  -2  -2   -1  -2  -4 -12 -16 -16 -16 -17  -20 -17 -15 -14 -14 -15 -18 -13
15   -9 -10 -11 -11 -13 -14 -16 -12  -10 -10 -10 -10 -10  -7  -6  -4   -6  -6  -4  -6  -7  -7  -6  -3

16   -1  -2  -2  -3  -3  -2   0   1   -1   0  -3  -5  -4  -2  -1   1    0  -2  -2  -1  -1   0   3   4
17    5   6   9   8   6   4   0  -2   -2   1   2  39  44  27  20  16   11  -3 -31 -58 -92-105 -62 -67
18  -62 -68 -60 -63 -62 -62 -49 -58  -59 -56 -53 -47 -42 -39 -30 -23  -22 -18 -19 -22 -26 -25 -33 -35
19  -33 -31 -29 -26 -22 -19 -15 -12  -25 -17  -3  -4   0  -3  -6  -4   -8  -9  -7  -5  -9 -15 -16 -17
20  -17 -14 -10 -10 -11  -9  -9  -9  -11 -13 -13  -4   0   8   8   5    0   0   2   6  11   8   6   9

21   16  17  17  15  14   9   9  10    8   3   3  -4   6  17  23  21   17  16   7  -7 -11 -12  -6  -1
22    3   3   2   2  -4  -8 -12 -10   -8  -7 -14 -21 -17 -15 -12 -17  -22 -23 -18 -25 -33 -28 -26 -20
23  -21 -21 -18 -16 -19 -18 -22 -25  -21 -17 -12 -11  -9  -7  -7  -9  -10 -10 -12 -14 -15 -12  -9  -4
24   -3  -1   0  -1   0   2   1   0   -1   0   3   5   4   2  -2  -3   -3  -2  -1  -1   0   2   2   4
25    3   0   0   0   6   4   1   5    8  13  16   9  -1   6  12  19   20  15   7   1   1   5   5   1

26   -6   2   3   6   5   2   2  -7  -25 -16 -10 -12  -7  -5  -7  -6   -7 -10 -14 -13 -12 -19 -10  -3
27    0  -4  -4 -11 -13 -12 -12  -6   -7  -4  -3   1   5   5   3   4    8   2  -3  -5  14  14  14  11
28    1 -15 -11 -10 -13 -18 -23 -18  -19 -16 -12 -12 -13 -13 -15 -15  -14 -11  -4  -4  -2  -2  -3  -3
29   -4  -7  -8 -13 -11  -9  -9  -9   -6  -4  -6  -9 -10  -6  -5  -3    1  -2  -6  -8 -10  -9  -8  -7
30   -4  -6  -5  -3  -4  -8 -10 -14  -19 -24 -24 -19 -15 -10  -3  -5   -6   0  -1 -13 -18 -15 -11  -8

31   -9  -8  -9 -10 -15 -17 -19 -26  -34 -40 -40 -31 -22 -20 -18 -24  -22 -14 -23 -23 -24 -24 -24 -25

 1  -18 -15 -18 -19 -19 -18 -18 -15  -15 -17 -12  -8  -4  -2  -3  -2    2   0  -5  -9  -8  -8  -8  -8
 2   -8  -3   0   0   0  -1  -1  -4   -5  -5  -4  -6  -7  -7  -7 -10  -14 -13 -17 -16 -11  -6  -6 -10
 3   -6   1   4   4   5   5   5  -2   -2  -2  -2   0   0  -7  -2   0   -6  -4  -3  -8 -11 -14 -20 -20
 4  -25 -28 -23 -25 -29 -32 -28 -24  -20 -17 -11 -13 -16 -16 -12 -10  -14 -20 -15 -12 -14 -12 -11 -12
 5  -20 -23 -25 -21 -16 -17 -18 -16  -13  -9  -8  -8 -10 -17 -24 -27  -25 -23 -22 -23 -20 -19 -17 -15

 6  -15 -16 -13 -10  -9  -9 -10 -11  -10 -10  -9 -13 -15 -18 -20 -20  -19 -17 -15 -14 -17 -21 -16  -7
 7   -3  -3  -2   1   0   0   2   4    5   7   9  11  10  11  11  10    9   9   8   8   9   7   6   3
 8    1  -3 -11 -20 -26 -25 -21 -20  -21 -18 -15 -15 -15 -13 -13 -13  -16 -17 -16 -15 -13 -15 -12 -10
 9   -9 -10 -11 -10  -9 -10  -9  -6   -5  -5  -6  -8  -7  -4  -5  -3   -6  -8  -9  -6  -4  -2   0   3
10    4   2   3  10  10  12  11   8    6   5   1  -1   0   2   4   7    7   4   4   5   5   3   1   1

11    3   4  11  12  17  13  12  15   14  13  11   8  12  12  17  24   16   9  -8 -23 -13 -11 -11  -9
12  -12 -20 -28 -29 -30 -31 -34 -32  -28 -28 -23 -26 -29 -29 -27 -26  -23 -21 -22 -23 -25 -27 -22 -14
13   -8  -4  -4 -13 -31 -41 -52 -57  -45 -36 -41 -47 -40 -37 -36 -40  -39 -34 -28 -25 -24 -19 -11  -7
14   -4  -4   7   5   5   1   5   7    6   9   6   5  -1  -3 -11 -11   -8  -1   0   4   7   5   4   1
15   -7 -10  -5  -7  -9  -5  -3  -2    0  -3   0   2 -12 -19 -18 -17  -21 -20 -20 -22 -16 -19 -15  -9

16   -7  -6  -5  -7  -9 -11 -11 -10   -9  -8  -7 -10 -12 -15 -14 -15  -18 -17 -17 -15 -11  -9  -6  -5
17   -3  -3  -3  -3  -7  -7  -4  -9  -11  -8  -6  -9  -9 -13 -12  -7   -7  -8  -3   2   4   6   7  10
18   12  13  15  11   7   6   7   6    7  13  10   7   1   0   6  11   15  14   0 -25 -25 -15 -12  -7
19   -4  -1   6   4 -13 -14 -12 -11  -11 -10  -6  -8  -8  -9  -6  -9   -8  -7  -6   2   2   2   0  -1
20   -1   1   2   4   4   5   5   2   -2  -1  -1   0   0   0   4   0   -1  -1   1   4   7  12   8   7

21    5   2   4   6   5   7  10   9   10  13  14  13  11  10   8   5    5   8  11  13  15  15  16  13
22    8   9  12  14  18  21  18  11    5   5   6   1  -5 -12 -15 -17  -13 -12  -7  -3  -3  -5  -6  -4
23   -2   1   4   5   0  -7 -10 -12    2   6  -2 -14 -29 -39 -41 -55  -48 -59 -73 -72 -61 -54 -46 -38
24  -34 -48 -44 -43 -40 -41 -39 -41  -40 -35 -31 -31 -33 -34 -32 -30  -30 -27 -27 -19 -19 -22 -21 -22
25  -24 -22 -19 -19 -20 -20 -22 -23  -23 -18 -15 -15 -18 -19 -17 -17  -16 -16 -12 -13  13  14  -9 -53

26  -70-102 -89 -88 -79 -74 -87 -91  -81 -83 -83 -78 -79 -84 -83 -76  -70 -62 -55 -51 -47 -44 -44 -39
27  -36 -34 -33 -39 -44 -43 -39 -37  -37 -38 -41 -44 -43 -44 -44 -48  -49 -51 -48 -48 -51 -49 -46 -43
28  -45 -42 -37 -33 -31 -34 -37 -38  -31 -30 -34 -34 -33 -34 -36 -36  -33 -32 -29 -29 -29 -31 -34 -31
29  -36 -42 -44 -41 -41 -36 -33 -41  -46 -34 -25 -52 -50 -40 -35 -33  -32 -36 -42 -49 -52 -55 -53 -55
30  -50 -47 -45 -39 -37 -36 -38 -36  -33 -32 -35 -37 -37 -40 -40 -46  -56 -55 -55 -54 -66 -57 -35 -42

 1  -54 -69 -70 -76 -85-102-112-129 -148-139-120-118-112-113-110-108 -100 -96 -94 -90 -88 -85 -76 -79
 2  -72 -73 -78 -85 -83 -83 -97 -95  -82 -91 -84 -91-104-101 -86 -78  -83 -89 -86 -79 -82 -97 -92 -87
 3  -88 -78 -68 -61 -61 -55 -46 -65  -83-109-112-142-154-156-166-150 -154-143-122-117-114-114-116-102
 4  -94 -88 -80 -80 -83 -81 -89 -87  -93 -85 -86 -72 -74 -70 -63 -57  -57 -55 -54 -51 -51 -49 -51 -47
 5  -43 -40 -40 -40 -41 -40 -40 -35  -35 -29 -24 -22 -19 -14  -6  -4  -11 -12 -21 -17 -14 -14 -17 -20

 6  -21 -17 -14 -18 -19 -16 -16 -16  -18 -15 -13 -13 -16 -17 -16 -19  -18 -18 -17 -15 -18 -15 -13 -14
 7  -14 -13 -12 -11  -9  -6  -3  -2    0  -7  -9  -5  -6  -9  -1   1    1  -4  -3   0  -2  -1  -3  -6
 8   -6   5   2  -5  -6  -6   0   1   -2  -3 -16 -26 -35 -26 -30 -35  -32 -29 -23 -21 -19 -20 -38 -48
 9  -38 -30 -29 -33 -31 -26 -19 -21  -31 -33 -26 -19 -35 -48 -51 -64  -51 -42 -43 -46 -47 -45 -40 -37
10  -34 -32 -32 -34 -34 -29 -30 -34  -35 -33 -36 -37 -35 -37 -36 -31  -31 -30 -37 -44 -40 -37 -35 -36

11  -33 -33 -32 -31 -26 -26 -28 -26  -23 -23 -22 -26 -32 -39 -35 -31  -29   5 -48 -70 -65 -57 -43 -25
12  -18 -18 -24 -59 -40 -46 -58 -65  -55 -52 -55 -60 -71 -62 -62 -63  -62 -63 -54 -50 -52 -53 -46 -44
13  -41 -36 -37 -37 -41 -41 -44 -47  -46 -35 -32 -33 -39 -43 -36 -37  -37 -33 -29 -29 -32 -30 -28 -26
14  -24 -19 -19 -26 -27 -23 -25 -32  -35 -29 -30 -33 -29 -31 -31 -29  -30 -28 -26 -34 -39 -36 -30 -31
15  -31 -20 -17 -23 -31 -31 -32 -26  -22 -21 -20 -16 -18 -23 -17 -20  -16 -15  -8  -8  -8  -1  -3  -5

16   -4  -1   1  -7  -9 -11 -17 -16  -15 -13 -20 -18 -17 -15 -13  -7   -1  -2  -9 -10 -11 -14 -17 -22
17  -23 -25 -26 -22 -21 -22 -24 -23  -19 -19 -18 -19 -19 -20 -18 -15  -15 -11 -10  -9 -10  -9  -4  -6
18   -6  -5  -2  -1   0   1   3   3    3   2   2   1   3   3   6   8   11   6  -3  -2  -3  -4  -3  -3
19    0   4   6   5   5   7   8   4    1   0   1  -4 -12 -22 -26 -28  -32 -43 -51 -52 -56 -57 -51 -44
20  -40 -36 -32 -25 -24 -34 -35 -29  -24 -23 -26 -29 -25 -28 -32 -35  -33 -28 -25 -25 -28 -34 -36 -43

21  -42 -39 -37 -34 -31 -25 -25 -26  -27 -29 -29 -27 -25 -23 -21 -22   -9 -14 -93-115-170-187-180-184
22 -177-173-168-158-164-160-156-155 -142-131-142-141-136-144-129-141 -139-145-135-152-154-159-155-154
23 -165-132-124-130-125-125-127-119 -115-108-103-100-100 -93 -85 -83  -81 -77 -73 -73 -76 -75 -73 -74
24  -72 -66 -59 -57 -54 -56 -57 -56  -55 -54 -53 -51 -49 -47 -45 -45  -45 -43 -41 -42 -42 -41 -41 -40
25  -36 -32 -30 -29 -29 -28 -27 -26  -20   3   5  -1  -4  -5  -6  -7   -7  -8 -10 -22 -35 -40 -36 -31

26  -29 -26 -24 -23 -22 -20 -23 -25  -22 -20 -22 -22 -22 -22 -23 -25  -23 -21 -18 -12 -14 -16 -13 -15
27  -17 -19 -25 -27 -27 -27 -27 -26  -27 -27 -26 -24 -26 -26 -27 -26  -25 -24 -21 -18 -19 -18 -15 -18
28  -16 -15 -17 -16 -55 -88-109-118 -134-142-149-157-146-130-128-118 -112-107-105-104-104-109-106 -96
29  -83 -79 -73 -66 -67 -75 -82 -73  -70 -66 -60 -60 -61 -60 -66 -67  -67 -69 -69 -67 -68 -64 -54 -48
30  -48 -48 -52 -54 -52 -49 -49 -54  -53 -53 -51 -51 -49 -47 -50 -49  -43 -37 -36 -37 -40 -41 -39 -39

31  -36 -31 -27 -24 -23 -24 -26 -28  -25 -23 -22 -22 -19 -15  -2  -5   -8  -9 -11 -15 -29 -45 -60 -81

 1  -81 -91 -97 -96 -93 -97 -98 -92  -94 -98-106-104 -86 -77 -78 -79  -78 -75 -71 -65 -62 -61 -58 -58
 2  -55 -50 -52 -50 -49 -49 -43 -44  -40 -37 -36 -34 -34 -39 -37 -33  -30 -32 -33 -31 -31 -28 -27 -26
 3  -27 -23 -19 -16 -18 -20 -19 -19  -18 -18 -16 -16 -16 -19 -18 -20  -22 -21 -20 -17 -15 -14 -15 -14
 4  -10  -6  -3  -7  -7  -7  -9 -15  -15 -18 -24 -23 -25 -28 -41 -38  -31 -29 -31 -28 -28 -29 -29 -28
 5  -27 -24 -19 -11  -8  -6  -4  -3    5   0   0  11  10  14  22  13    9   9  22   5 -37 -50 -50 -55

 6  -73 -64-101-269-281-288-292-276 -276-259-235-213-200-183-207-218 -210-187-177-151-164-176-173-173
 7 -165-156-152-148-138-123-121-121 -115-110-108-109-106 -99 -99-100  -95 -91 -88 -86 -81 -78 -75 -73
 8  -71 -70 -69 -64 -65 -66 -64 -65  -64 -57 -57 -53 -52 -51 -49 -48  -47 -46 -44 -44 -45 -47 -47 -46
 9  -43 -42 -39 -39 -39 -36 -35 -36  -35 -34 -35 -33 -33 -33 -35 -35  -35 -34 -35 -33 -38 -44 -40 -37
10  -37 -39 -36 -33 -31 -30 -28 -30  -27 -27 -28 -29 -32 -30 -32 -32  -31 -30 -32 -30 -27 -35 -38 -40

11  -42 -43 -42 -39 -35 -32 -33 -32  -29 -28 -33 -35 -29 -29 -31 -34  -35 -34 -33 -30 -29 -27 -25 -24
12  -23 -25 -28 -27 -26 -25 -25 -23  -18 -13 -10 -13 -14 -14 -16 -22  -25 -24 -24 -22 -21 -20 -19 -18
13  -15 -12 -13 -16 -19 -17 -16 -17  -13 -12 -12 -13 -13 -12 -10 -11  -12 -13 -12 -17 -25 -24 -16 -12
14  -11 -12 -11 -12  -8  -7  -7  -7   -8 -10 -10  -8  -9  -9  -7  -6   -4  -4  -7  -9 -10  -8  -3  -1
15    0  -1   0   0   0  -3  -7  -7   -6  -6  -3   2  -1  -1  -1  13   19  -1 -10 -20 -24 -20 -22 -16

16  -12 -16 -23 -27 -27 -29 -31 -32  -33 -33 -32 -29 -32 -33 -23 -26  -27 -21 -17 -21 -23 -23 -20 -20
17  -23 -26 -28 -34 -39 -34 -35 -36  -37 -38 -36 -34 -38 -33 -37 -36  -31 -26 -33 -32 -29 -24 -29 -28
18  -23 -23 -23 -28 -33 -38 -38 -37  -33 -29 -30 -28 -33 -31 -26 -26  -29 -27 -26 -27 -30 -27 -24 -29
19  -35 -28 -33 -36 -37 -39 -39 -35  -29 -31 -28 -25 -30 -33 -36 -48  -47 -46 -36 -32 -40 -47 -39 -36
20  -34 -39 -35 -26 -30 -38 -40 -39  -34 -33 -35 -34 -33 -31 -32 -31  -31 -30 -28 -27 -28 -28 -26 -24

21  -24 -25 -26 -26 -25 -26 -29 -26  -21 -20 -21 -20 -20 -21 -19 -14  -16 -19 -16 -11 -10 -12 -12 -12
22  -12 -13 -15 -18 -21 -16 -19 -19  -18 -21 -18 -16 -15 -14 -16 -15  -15 -11  -9  -6 -17 -23 -29 -28
23  -33 -39 -42 -37 -31 -34 -33 -26  -24 -30 -34 -30 -26 -31 -29 -31  -37 -33 -27 -25 -24 -25 -31 -35
24  -29 -31 -34 -34 -39 -24   2 -91  -92 -72 -96-132-196-179-202-211 -221-216-205-187-177-172-153-150
25 -145-145-144-134-124-118-111-114 -113-106-103-107-104 -98 -96 -92  -89 -90 -88 -86 -85 -84 -83 -81

26  -83 -86 -85 -82 -78 -75 -75 -73  -67 -63 -60 -57 -56 -54 -50 -50  -50 -48 -45 -45 -45 -43 -43 -43
27  -50 -55 -53 -48 -42 -37 -36 -33  -29 -31 -30 -30 -30 -29 -28 -26  -27 -27 -25 -25 -25 -26 -26 -28
28  -30 -31 -33 -33 -32 -28 -25 -20  -17 -16 -17 -16 -16 -16 -15 -13  -13 -14 -13 -13 -13 -12 -14 -15
29  -15 -15 -17 -19 -20 -18 -18 -19  -17 -17 -17 -16 -17 -16 -12 -12  -14 -14 -14 -14 -14 -14 -15 -17
30  -19 -22 -22 -20 -16 -13 -13 -12  -13 -16 -17 -16 -13  -9   0  -5   -5  -7  -5  -1   0   3   2   1

 1    1  -3  -3  -5  -4   4   8   7    9   6   8  13   7  -2  -2  -3   -9  -1  -1  -4  -6  -4  -7  -2
 2   -1  -2  -3  -2   0   3   0   3    6  10  12  13  16  15  16  13    9   6   5   5   0   0  -1  -2
 3    2   3   5   8  10   6   6   5    2  -2  -3  -1   5   5   6   6    5   1   1 -20 -29 -32 -25 -24
 4  -27 -30 -28 -25 -23 -22 -22 -25  -24 -26 -29 -25 -25 -26 -20 -20  -24 -22 -19 -22 -26 -20 -17 -19
 5  -34 -38 -34 -32 -30 -28 -27 -26  -30 -30 -28 -26 -24 -21 -18 -20  -16 -10 -11 -11 -13 -10  -8 -18

 6  -28 -32 -27 -25 -20 -19 -19 -22  -22 -19 -21 -21 -24 -25 -20 -18  -16 -12 -16 -11  -9 -18 -19 -10
 7  -15 -20 -17 -17 -17 -16 -16 -19  -23 -23 -24 -23 -20 -21 -18 -23  -26 -23 -18 -16 -18 -18 -15 -19
 8  -26 -27 -25 -23 -20 -17 -14 -16  -20 -19 -19 -20 -20 -21 -22 -24  -19 -14 -13 -10 -10 -12 -13 -14
 9  -17 -15 -15 -16 -14 -11 -11 -11  -10 -11 -13 -15 -13 -11  -9  -9  -10  -5  -5  -7 -10  -9 -10 -11
10  -11 -12 -12 -14 -10  -7  -6  -3   -2  -2  -3  -1  -1  -7  -9 -10   -8  -9  -9  -9  -8 -10 -11 -11

11  -11 -10 -10  -8 -10 -10  -8  -6   -3  -6  -7 -10 -11 -10 -10 -11  -12 -12 -10 -10 -13 -11  -9  -5
12    0  -1  -4  -3  -9 -10 -12 -18  -20 -18 -25 -27 -21 -13 -15 -20  -25 -26 -28 -32 -34 -38 -36 -34
13  -38 -39 -37 -35 -33 -34 -36 -38  -36 -32 -29 -28 -26 -24 -23 -20  -17 -15 -15 -15 -17 -15 -15 -15
14  -15 -14 -14 -12 -13 -11 -11 -14  -14 -14 -15 -21 -25 -24 -19 -19  -18 -14 -14 -14 -14  -9  -2   3
15    2  -1   0  -2  -1   4   4  -5  -11  -8  -5   1   2   0  11  29   31  30  29  26  24  18   9   2

16    5   2   5   5  11  17  15  -4   -9  -9 -12 -15 -17 -12  -9  -8   -9 -12 -14 -16 -15 -15 -18 -21
17  -30 -26 -22 -22 -18 -20 -23 -21  -23 -30 -37 -36 -35 -30 -31 -30  -30 -34 -38 -32 -34 -39 -39 -39
18  -36 -34 -36 -31 -31 -32 -33 -33  -31 -34 -32 -31 -31 -29 -23 -19  -19 -18 -16 -17 -19 -21 -23 -27
19  -31 -34 -34 -29 -26 -22 -22 -25  -27 -27 -25 -23 -19 -16 -13 -13  -15 -15 -17 -18 -18 -22 -23 -28
20  -31 -29 -23 -19 -17 -13 -13 -13  -17 -22 -25 -28 -23 -18 -17 -14  -12 -10  -8  -8  -7 -10 -19 -27

21  -26 -23 -18 -17 -17 -20 -23 -28  -31 -34 -38 -36 -29 -20 -11 -12  -16 -18 -22 -31 -39 -54 -67 -66
22  -58 -54 -49 -48 -46 -47 -54 -59  -56 -56 -53 -49 -46 -41 -35 -30  -28 -25 -20 -20 -22 -22 -23 -23
23  -27 -30 -29 -29 -29 -24 -26 -32  -36 -35 -33 -27 -21 -25 -23 -15  -10 -10  -7  -5  -3  -4  -5   8
24   15   8  -1  -6  -1  -6  -9 -18  -40 -51 -55 -51 -46 -45 -51 -35  -28 -46 -46 -48 -40 -38 -38 -35
25  -37 -37 -37 -33 -33 -31 -30 -29  -32 -33 -34 -35 -29 -23 -15  -9   -6  -6  -6  -7 -10 -13 -19 -28

26  -37 -40 -36 -30 -26 -24 -21 -17  -18 -20 -23 -23 -23 -21 -13  -7   -7  -6  -7  -8 -13 -15 -22 -23
27  -27 -33 -30 -24 -20 -16 -13 -14  -18 -18 -16 -17 -17 -15  -9  -5   -7  -7 -15 -18 -16 -11  -7  -6
28  -10 -10  -7  -4  -3  -2  -1   1    2   3  14  25  15  26  33  30   24  16  14  13  15  18  28  18
29    8   3   8  10  12  27  55  54   47  46  51  51  42  44  41  40   46  37  38  38  36  31  33  30
30   15   7  -1 -23 -40 -58 -53 -43  -41 -41 -44 -43 -41 -34 -25 -19  -24 -23 -15  -8  12  11 -22 -28

31  -28 -31 -30 -20 -16 -17 -22 -26  -34 -40 -39 -33 -29 -27 -24 -28  -37 -35 -26 -31 -32 -42 -43 -41












