 1  -38 -36 -35 -39 -39 -36 -42 -46  -48 -42 -41 -39 -33 -27 -25 -28  -32 -30 -30 -27 -30 -25 -17 -17
 2  -14 -11  -8 -10 -14 -17 -20 -20  -16 -12 -12 -15 -17 -20 -15 -13  -16 -18 -17 -16 -17 -19 -20 -18
 3  -18 -17 -16 -16 -14 -15 -14 -15  -13 -14 -20 -24 -25 -22 -19 -20  -21 -17 -13 -11 -10 -10 -11 -10
 4   -7  -5  -1  -3  -6 -10 -15 -13  -10 -11 -11  -7  -5  -2  -2  -4   -6  -6  -5  -3  -3  -4  -4  -4
 5   -5  -6  -5  -8  -8  -9 -12 -13  -10  -9 -10 -11 -14 -18 -16 -16  -15  -8  -2   2   3   3   2   3

 6    4   9   5   0   2   0  -3  -1    4   7  10  12  11  11  11  17   16   9   8   8   6   4  -1  -3
 7    2   6   8  10   6   6   6   9   10   9   9  13  18  14  11   7    6  -6 -23 -19 -16 -20 -20 -16
 8  -13 -17  -5  -9 -18 -22 -16 -25  -15  -9 -13 -14 -14 -14 -15 -12  -15 -16 -14 -12 -11  -8  -6  -4
 9   -2  -2  -4  -6  -6  -4  -6  -3    3   5   5   5   5   0  -6 -11  -11 -16 -13 -12  -8  -6  -3   3
10    6   8   2  -2   0   0   1   4    2  -2  -1  -9 -25 -33 -24 -33  -21 -23 -37 -49 -47 -51 -41 -30

11  -22 -29 -35 -42 -57 -71 -72 -60  -60 -44 -46 -43 -38 -36 -37 -38  -37 -39 -37 -37 -37 -38 -33 -29
12  -25 -24 -23 -29 -34 -36 -43 -47  -46 -45 -41 -29 -21 -22 -26 -26  -26 -28 -30 -34 -31 -29 -27 -26
13  -24 -21 -21 -23 -28 -29 -30 -28  -28 -25 -24 -19 -13 -17 -17 -21  -16 -14 -13 -14 -17 -12 -10 -10
14   -9  -4  -6 -15 -22 -20 -20 -17  -14 -14 -15 -15 -15 -13 -12 -11  -12 -11 -14 -19 -23 -18 -15 -12
15   -7  -6  -6  -9 -12 -16 -16 -15  -11 -12 -10 -10 -12 -17 -19 -19  -17 -20 -23 -22 -20 -17 -11  -5

16   -2  -4  -5  -7 -10 -11 -13 -15  -12 -13 -15 -11  -3   0  -1   1    1   0  -1  -4  -5  -3  -1   3
17    6   3  -1  -5  -8  -9  -7  -4    0   5   4   3   4  -5  -5 -10   -7   1   4   0   4   5  -2  -6
18   -6  -5  -3  -6  -8  -6  -5  -6   -9  -9 -10 -11  -9 -12  -9  -6   -1   0   2   3   1   3   6   9
19   10   9  10   9   8  19  22  23   37  35  23  24  20   4 -11 -16  -18 -26 -15 -17 -18 -22 -11  -5
20   -4  -6  -9 -20 -22 -16 -13 -14  -19 -26 -27 -20 -11 -12 -15 -15  -11 -11  -9  -9 -10  -2   2  -3

21   -4  -2  -9  -9  -1   1  -5 -11  -11 -12 -16 -16 -17 -17 -13 -12  -12 -11  -9 -12 -17 -12 -10  -8
22   -6   2   1  -1  -2  -4   2  -1   -9 -18 -16 -11 -11 -10  -6  -7   -8  -5  -5  -4  -1   2   0  -3
23   -2  -5  -7  -8  -5  -3  -1  -3    5  10   3 -10  -7 -11 -15 -13  -11 -13 -19 -23 -27 -24 -20 -20
24  -18 -15 -16 -20 -26 -21 -12 -10   -9 -11  -9  -4  -3  -4  -7 -10  -13 -11  -7 -10 -14 -14 -12 -13
25  -11  -6  -5  -5  -2   1   3   6   11  12  15  15   9   6 -10 -21  -29 -35 -28 -27 -38 -30 -23 -21

26  -26 -25 -28 -32 -28 -22 -20 -22  -24 -25 -21 -24 -25 -25 -24 -25  -24 -23 -24 -19 -19 -19 -15 -12
27  -11 -13 -18 -24 -29 -28 -25 -25  -24 -24 -23 -19 -19 -17 -19 -16  -13 -13 -13  -9  -8  -9  -6  -7
28  -10 -11 -12 -13 -11  -8  -9 -11  -12 -12  -9 -10  -5   0  -2  -4   -8 -11 -11 -12  -9  -5  -2  -1
29   -3  -7 -11 -12 -12  -9  -9 -11  -13 -20 -22 -15 -12 -10 -10  -9   -4  -2  -2  -3  -3  -2  -2  -1
30   -2  -6  -7  -5  -2   2   3   0   -1  -2  -3  -1   2   4   2   2    2   2   0  -3  -4  -2  -1  -3

31  -10 -11  -7  -6 -10  -5  -2  -3   -3  -2  -1   1   2  -1  -5  -6   -6  -4   0   2  -3   4   0  -8

 1  -24 -27 -23 -21 -19 -20 -15 -10  -15 -16 -21 -25 -18 -18 -29 -33  -22 -18 -16 -14  -8  -7   0   5
 2    3  -6  -9 -14 -39 -54 -55 -63  -78 -86 -84 -84 -75 -74 -69 -61  -60 -50 -41 -35 -27 -23 -27 -25
 3  -27 -28 -25 -22 -26 -25 -24 -24  -25 -27 -27 -32 -30 -32 -26 -23  -23 -24 -24 -23 -22 -23 -24 -24
 4  -27 -27 -24 -23 -25 -16  -7  -7  -11 -12 -13 -12 -15 -19 -21 -21  -16 -13 -22 -20 -13   2   2  -7
 5   -9 -14 -36 -35 -27 -25 -23 -20  -11  -2  -3 -12 -27 -31 -21 -19  -22 -19 -39 -54 -82 -68 -67 -68

 6  -67 -66 -68 -73 -69 -65 -73 -70  -65 -55 -49 -50 -60 -53 -55 -61  -60 -54 -50 -43 -40 -32 -27 -35
 7  -37 -39 -41 -44 -45 -42 -40 -36  -30 -25 -23 -20 -20 -17 -18 -20  -23 -20 -19 -16 -12 -13 -10 -14
 8  -16 -21 -23 -26 -29 -27 -26 -21  -20 -20 -16 -13 -15 -18 -23 -24  -26 -27 -30 -26 -17 -12  -9 -12
 9  -11 -12 -13 -19 -27 -32 -30 -25  -18 -12 -11 -16 -16 -16 -18 -20  -20 -18 -17 -15 -17 -11 -12 -10
10   -7 -15 -28 -24 -21 -21 -22 -18  -17 -12 -12 -11 -13 -15 -16 -20  -19 -14  -8  -7  -4   1   2  -1

11   -2  -5  -8 -10 -13 -17 -14 -12  -15 -21 -18 -27 -28 -22 -20 -22  -22 -26 -22 -20 -16 -13 -18 -27
12  -27 -21 -24 -28 -27 -22 -23 -23  -19 -16 -15 -15 -17 -18 -18 -19  -15 -12 -10  -9  -8  -9 -12 -26
13  -35 -31 -25 -23 -20 -14 -10  -8  -10  -7 -11 -18 -19 -18 -19 -20  -26 -23 -20 -19 -18 -15 -12 -15
14  -16 -13 -11 -13 -15 -14 -16 -14  -10 -10  -8 -10  -9  -9 -12 -12  -11  -8  -8  -9  -8  -6  -6  -6
15   -5  -5  -3  -5  -7  -5  -3  -3   -5  -4  -5  -5  -2  -1  -2   3    6   0   1   0  -1  -6  -6 -10

16  -12 -15 -19 -20 -16 -12  -8  -8   -6  -2  -4  -3  -4  -2  -6 -10  -11 -13  -9  -6  -8  -7  -5   1
17    7   6   8  24  15  11   3 -11   -4  -1  -5  -9 -10 -14 -21 -20  -17 -17 -13 -11 -11 -11 -10 -10
18   -8  -5  -3  -6  -3   3   3   2   -3   2  -1  -2  -1  -7  -7 -15   -8  -9 -14 -15 -20 -23 -24 -22
19  -17 -14 -12 -23 -27 -26 -23 -21  -22 -18 -16 -14 -12 -11 -14 -17  -18 -17 -15 -14 -18 -14  -8 -12
20  -14  -9  -7  -8  -9  -7  -4 -10  -15 -12  -9  -7  -4  -4  -5  -3   -4  -3  -5  -5  -6  -2  -6  -3

21   -2   0   0  -1  -2   0  -3 -14  -17 -16 -15  -8  -5  -5  -7  -7   -5  -6  -7  -9  -9  -2   4   6
22   13  14  11   4   2   0  -2  -5   -6  -4  -1   1   2   3  -1  -6   -5  -8  -9 -12  -8  -4  -7 -11
23  -12 -10  -7  -2  -4  -7 -11 -13  -12 -11 -11  -8  -4  -4  -6  -9   -8  -9  -6  -3  -1   2   6   6
24    5   5   2  -3  -5  -4  -2  -1   -1  -1  -4  -6  -6  -9  -8  -7   -5  -3   0   2   0   3   6   5
25    5   5   5   2   0   3   2   1   -3  -3  -3  -5 -10  -9  -4  -8   -4   0  -3  -9  -9  -5  -5  -6

26   -9  -9 -14 -16 -20 -24 -27 -31  -27 -21 -19 -14 -10  -9 -12 -11   -9  -9 -10 -12  -8 -11 -15 -14
27   -8  -9  -8  -8 -10 -12 -16 -17  -19 -18 -14 -10  -8  -6  -8 -10   -7  -5  -4  -4  -2   1  -2  -3
28   -3  -2  -4  -5  -2   8 -12 -18  -14 -11 -17 -16 -17 -14 -11  -8   -3   0  -3  -2  -6 -12 -34 -55

 1  -65 -71 -68 -64 -63 -60 -65 -66  -62 -53 -50 -51 -45 -44 -44 -42  -39 -37 -32 -29 -25 -21 -18 -19
 2  -20 -22 -19 -18 -17 -19 -17 -19  -18 -18 -17 -13 -10 -12 -10 -10   -9 -12 -14  -9  -8 -12 -10  -5
 3   -4   1   3  -4  -6  -5  -9 -12   -8 -17 -21 -21 -16 -14 -29 -36  -36 -35 -33 -39 -39 -36 -36 -46
 4  -31 -27 -26 -24 -21 -18 -14 -11  -10  -7  -3   0   3   3   2   3   -1   0   5   3   0  -4   3   5
 5    0 -10 -18 -32 -36 -37 -37 -35  -31 -21 -18 -15 -11 -16 -15 -17  -23 -21 -21 -22 -23 -24 -21 -20

 6  -19 -16 -13 -12 -17 -24 -31 -24  -17 -18 -18 -11 -14 -17 -22 -23  -17 -26 -37 -32 -24 -17 -16 -20
 7  -13  -9 -12 -17 -17 -18 -23 -17  -12  -8  -6  -3  -5 -11 -10 -12  -12 -12 -10 -10 -10  -8  -5  -1
 8   -1  -4  -5  -8  -9  -8  -9 -10  -17 -16 -10  -8  -8  -8  -8  -8   -9  -8  -7  -8  -8  -4   0  -1
 9    0   0  -1  -5  -7  -5  -2   0    1   2   5   7   5   1  -9 -18  -22 -19 -14 -12 -14 -12  -8  -4
10   -1   1   0  -1  -4  -1   2   3    0  -5 -13 -19 -20 -16 -14 -15  -18 -17 -15 -11 -11  -9 -15 -22

11  -25 -29 -21 -16 -28 -28 -21 -16  -18 -17 -16 -10  -5  -8  -5  -4   -6  -4  -3  -2  -1  -2   2   4
12    8   4   6   5   2   1   0  -4   -8 -11  -4  -1  -4  -6  -6  -7   -6  -9  -7  -7  -8 -11  -7  -3
13   -4  -4   2   3   0  -3  -6  -5   -8  -6  -1   1   2  -3  -1   1    1   1   2   1  -2  -4  -2  -1
14    1   1   3   4   6   6   5   3    2   1   2   1  -1  -4  -2  -3    0   1   1   0   0   0   2   3
15    4   4   2   0   0   6  11  14   16  15  13  12  11  11  10  11   11  13  13  17  21  20  18  18

16   20  20  21  21  19  22  18  18   17  15  16  14  10   9   6   3    4   4   7   8   6   8  11  10
17    9   5   5   5   6   8   8   8    9   9  10  12  13  13  12  13   13  10   8   5   5   8   8   6
18    2   1  -1   2   7   8   8   8    9   6  10  14  15  42  53  59   59  59  46  37  32  36  34  37
19   24  -1 -12 -16 -25 -35 -37 -29  -30 -25 -21 -14 -11 -11 -12 -11  -13 -15 -15 -21 -13 -13 -12 -13
20  -17 -16 -15 -16 -16 -15 -14 -15  -16 -17 -18 -18 -18 -13  -8  10    7  11  11   9   5   3   4   4

21   -3  -3   0  -1  -5  -3  -3  -5   -6 -13  -8  -4  -5  -9 -10  -9   -6 -10 -12  -9  -5  -2   4   7
22    3   4   4  -4   1   2  -5  -9   -8 -13 -11  -4  -3  -4  -3  -2   -3  -4  -6  -8  -9  -8  -7  -6
23   -3  -2  -4  -5  -4  -3  -2  -2   -1   1   1   5   8   4   7   1   -9 -14 -31 -31 -34 -30 -29 -25
24  -30 -40 -48 -54 -62 -74 -86 -79  -95-100 -83 -79 -70 -79 -88 -91  -94 -90 -88 -92 -97 -93 -78 -71
25  -66 -59 -54 -51 -54 -50 -48 -43  -39 -34 -31 -28 -28 -29 -30 -20  -23 -20 -18 -15 -19 -17 -15 -12

26  -13  -7  -7 -16 -19 -20 -18 -19  -22 -32 -31 -31 -34 -31 -32 -35  -34 -30 -29 -32 -36 -34 -29 -25
27  -20 -15 -12 -11 -13 -16 -17 -17  -17 -16 -15 -12 -10  -9  -9  -9  -14 -15 -13 -14 -16 -16 -16 -13
28  -10  -7  -6  -2  -3  -6  -7  -8   -6  -7  -6  -5  -4  -4  -3  -1   -1  -2  -1  -3  -2   0   2   2
29    3   4   6   6   5   3   0  -2   -3  -2   1   7  12  11   9   7    7   8   6   7  11  13  26  45
30   44  42  43  38   9  -8  -1  -5   -8  -9  -4  -3  -8 -13 -13 -22  -28 -34 -38 -35 -26 -19 -11  -7

31   -5  -1   1  -1  -6  -6 -10 -17  -16 -16 -14 -14 -14 -12 -13 -12  -19 -23 -17 -17 -12  -8  -7  -6

 1   -6  -3  -2  -5 -10 -19 -23 -31  -22 -19 -21 -22 -22 -19 -21 -26  -23 -21 -19 -18 -13  -9  -5  -4
 2   -5  -9 -11 -13 -21 -21 -27 -40  -41 -31 -34 -33 -28 -24 -23 -24  -22 -19 -16 -16 -15 -14 -11 -10
 3  -14 -15 -17 -13 -15 -22 -20 -23  -22 -20 -19 -16 -12 -10  -8  -6   -5  -7 -10 -11 -12  -9  -4  -3
 4   -2  -1  -3  -5  -7  -9  -9 -11  -11 -11 -13 -14 -12 -14 -17 -14  -11  -9  -7  -5  -6  -7  -4  -1
 5    2   4   3   1   2   3   3   2    4   5   6   9  11  10   9   8    6   6   5   5   7  13  15  14

 6   15  15  15  11  10   8   8   8    7   7   5  -1  -2  -1  -2  -3   -6  -7  -2   1   4   4   2   1
 7    5   7  10  15  17  15  10   7    6   6   7   8  -1  -1   0  -4  -12  -8  -7  -6   0   4   3   2
 8    3   6   7   8   6   3   1  -1   -3  -1   0   0   0   0   2   2    1   4   7   8   9  10   9   8
 9    7   6   6   7   5   3   2   1    4   6   9  10  10  10  14  15   15  18  21  20  20  18  16  16
10   16  18  21  24  25  22  19  18   18  14  10  10  14  16  20  20   17  16  17  16  16  18  15  16

11   16  15  17  21  21  15  14  13    7  15  14  16  15  11  10   7    4   6   6   5  10  13  16  30
12   15  -7  -5  -5 -10  -8 -10  -4   -3   3  -1  -3  -2   2  -1   0    2   1   0   0  -2   2   8  15
13    6   0  -7 -12 -17 -19 -19 -19  -21 -26 -28 -15 -20 -32 -43 -48  -43 -36 -28 -26 -21 -26 -26 -20
14  -14  -6  -4 -13 -13  -9 -12 -10   -9  -9  -8  -7  -1   5  -5 -15  -10 -11 -12 -11 -11 -14 -13 -12
15   -9  -4   1   6   6   4   1  -2   -3  -8  -9 -10 -10 -11 -10  -9   -9 -11 -18 -16 -17 -21 -23 -17

16  -14 -15 -17 -15 -14 -14 -14  -6   -2   0  -3  -2   1   1   0  -2   -4  -4  -3  -5  -8  -6  -3  -6
17   -7 -10  -9  -4  -4 -10 -10  -1   -1 -15 -25   0 -21 -47 -34 -60  -87 -98 -87 -87 -74 -77 -74 -70
18  -53 -65 -78 -87-101-113-112-127 -116-111-121-124-103-107-109-105 -109-108-113-113-116-114-104 -94
19  -86 -72 -59 -47 -55 -62 -62 -62  -52 -41 -50 -50 -64 -88 -98 -93 -101-116-126-115-114-124-110-102
20  -94 -96 -87 -93-103-141-148-144 -149-143-121-111-107-103-101-102 -101 -98-102 -77 -80 -87 -85 -79

21  -74 -65 -54 -59 -59 -57 -53 -47  -44 -46 -49 -48 -50 -52 -51 -49  -47 -41 -40 -38 -39 -41 -44 -46
22  -47 -45 -51 -55 -48 -53 -45 -38  -35 -37 -37 -39 -36 -32 -31 -32  -35 -40 -38 -38 -38 -41 -41 -36
23  -32 -29 -27 -26 -17  -6 -18 -36  -56 -43 -42 -48 -50 -53 -53 -57  -53 -42 -45 -45 -46 -48 -42 -38
24  -37 -39 -39 -40 -38 -34 -29 -25  -24 -24 -24 -26 -29 -28 -25 -25  -27 -27 -26 -27 -31 -35 -34 -32
25  -30 -28 -28 -26 -25 -23 -20 -18  -19 -21 -21 -23 -23 -25 -25 -24  -24 -24 -24 -22 -21 -19 -20 -20

26  -21 -22 -21 -20 -16 -12 -10  -5   -5  -3  -4  -4  -4  -1  -1  -3   -3  -1  -3  -5  -3  -6  -8  -6
27   -6  -8  -9  -6  -2  -2  -3   0    0  -3  -3   2   1   3   1   2    3   1  -3  -3 -10  -9  -7 -14
28  -15 -13  -9 -14 -20 -33 -31 -28  -34 -33 -26 -23 -25 -30 -31 -28  -26 -26 -28 -23 -18 -16 -18 -19
29  -19 -15 -14 -13 -13 -12 -12 -15  -17 -15  -9 -20 -27 -24 -23 -23  -27 -28 -27 -27 -25 -20 -20 -18
30  -15  -9  -4  -3  -6  -7  -5   0    0  -2  -3  -7  -6  -3   1   4    7   3  -3  -2   0   0  -3  -4

 1   -3  -3  -4  -2  -1  -5  -7  -6   -6  -7 -10  -7  -4  -7  -6  -4   -3   0  -1  -2  -2  -4  -6  -8
 2   -7  -3  -2  -3   3   5   4   3    3   2   1  -1  -1  -2  -3 -11   -9  -5  -7  -3   0  -1   0   2
 3    5   4   8   4   2   1   1   3    2   0   0  -1  -2   1   4   3    1   1   3   4   2   1  -1  -2
 4    0   3   5   5   4   7   7   7    7   5   5   5   5   5   4   4    5   8   6   1   1  -1  -3  -3
 5   -1   1   4   6   7   9   9  10   11  11  12  13  13  11  10  10   11  11  11  10  13  15  16  18

 6   19  21  22  22  22  19  21  22   19  17  18  15  12   7   1  -4   -7 -17 -27 -31 -27 -31 -29 -18
 7  -15 -10  -5  -1  -1  -2  -3   1    0  -1   3   4   3  -1  -5  -7  -13 -15 -13 -10  -5  -4  -6  -9
 8  -10 -10 -13 -16 -20 -19 -16 -15  -16 -17 -14 -15 -16 -19 -19 -23  -29 -29 -25 -23 -20 -25 -24 -17
 9  -16 -20 -13 -12 -15 -12  -9  -9   -6  -7  -6  -7  -7  -8  -9  -7   -8  -8 -10 -13 -13 -12 -11  -6
10   -3  -1  -3  -5  -6  -7  -7 -12  -10 -13  -6   5  17  17  21  22   19  15  13  14  10  -1 -10 -14

11  -14 -11  -9 -11 -12 -10  -3   0   -3  -1  15   0 -12  -7 -23 -64  -82 -97-104-110-105 -93 -89 -89
12  -97 -88 -76 -77 -75 -72 -69 -57  -59 -59 -51 -50 -54 -56 -61 -55  -52 -47 -46 -44 -45 -44 -39 -37
13  -38 -44 -40 -41 -39 -38 -35 -30  -29 -28 -24 -23 -19 -12  -7  -3   -8  -8  -7  -9  -9  -7  -7  -7
14   -8 -18 -33 -47 -52 -46 -46 -58  -61 -48 -52 -57 -50 -40 -42 -43  -48 -55 -56 -57 -63 -60 -63 -59
15  -65 -58 -48 -53 -58 -60 -53 -46  -45 -40 -36 -32 -32 -33 -37 -41  -40 -35 -34 -37 -38 -39 -33 -34

16  -32 -29 -29 -24 -23 -22 -18 -21  -26 -30 -25 -24 -27 -28 -27 -26  -25 -26 -29 -33 -33 -31 -29 -31
17  -27 -21 -16 -14 -12 -11  -7  -6   -4  -4  -2  -4 -10 -10 -10 -10   -9 -11 -12 -16 -13 -11 -12 -13
18  -13  -9  -6  -7  -7  -9  -6  -1   -2  -2  -1  -3  -3  -4  -4  -3   -5  -2  -5  -9  20  26   7   1
19    1  -3  -8 -15 -28 -42 -58 -57  -44 -38 -36 -39 -43 -42 -42 -40  -38 -36 -35 -37 -37 -34 -32 -27
20  -21 -19 -17 -13  -6   0  -1  -3   -6  -7 -16 -14 -12  -8  -8  -9   -9 -10  -9 -15 -20 -23 -23 -22

21  -26 -32 -36 -34 -32 -31 -20 -24  -25 -24 -20 -19 -19 -18 -15  -8   -3  -3  -2   1  -1  -2  15   4
22    1   1  -2  -4  -4  -7  -5  -8   -8  -7  -8 -12 -12  -8  -9 -12   -9  -7  -7  -8  -5  -4  -4  -4
23   -6  -1  -1   3   7  -5  -6  -5    0   1   7  63 -20 -63 -51 -52  -75-109-106 -97 -97-103 -96 -89
24  -82 -77 -74 -75 -75 -73 -69 -65  -62 -60 -59 -59 -58 -55 -55 -56  -55 -51 -50 -51 -52 -53 -54 -51
25  -45 -38 -35 -36 -39 -40 -38 -36  -37 -38 -37 -34 -30 -33 -34 -34  -35 -36 -39 -36 -30 -25 -21 -20

26  -18 -17 -15 -14 -14 -17 -19 -22  -23 -22 -17 -16 -21 -24 -23 -20  -21 -23 -24 -23 -18 -16 -18 -21
27  -16 -13 -10  -6  -9 -17 -25 -38  -64 -64 -48 -46 -46 -48 -53 -55  -54 -45 -44 -47 -49 -51 -49 -42
28  -33 -26 -23 -24 -27 -27 -27 -27  -27 -25 -23 -23 -25 -29 -28 -29  -27 -25 -22 -23 -25 -27 -25 -20
29  -17 -17 -22 -20 -18 -20 -19 -17  -18 -16 -18 -20 -20 -19 -20 -20  -21 -18 -18 -18 -15 -16 -14 -12
30  -12 -11  -4  -7  -7  -6  -3  -7   -5  -6  -7  -8  -9  -8  -6 -10  -13 -10  -8  -2   1   0   1   3

31    0  -3  -4  -6  -5  -6  -7  -8   -7  -6  -6  -9 -11 -11  -7  -6   -5  -4  -2  -1   0   5   4   4

 1    4   3   2   3   3   4   5   4    6   6   8  11  12  10  10  12   14  20  20  17  12   9  10   7
 2    2  -8 -11 -12 -22 -29 -25 -17  -16 -15 -13 -12 -13 -10 -15 -19  -26 -23 -23 -28 -23 -23 -28 -34
 3  -37 -31 -23 -23 -22 -17 -21 -18  -17 -21 -25 -26 -23 -25 -24 -23  -24 -24 -23 -21 -12  -8 -11 -12
 4  -16 -15 -16 -16 -23 -22 -19 -27  -27 -28 -29 -27 -29 -31 -29 -29  -29 -28 -25 -24 -19 -13 -14 -15
 5  -15 -13 -13 -12 -15 -15 -12 -15  -13 -11  -9 -10 -14 -18 -19 -23  -24 -22 -18 -16 -11 -10 -10  -8

 6   -5  -6  -6  -7  -8  -8  -8  -8   -8  -7  -7  -6  -5  -6  -9 -13  -13 -13 -11  -9  -8  -7  -7  -8
 7   -8  -4   0   2   3   3   2   0    0  -1  -2  -3  -4  -6  -4  -2   -4  -6  -6  -6  -5  -6  -8  -4
 8    2   3   2   5   7   6   2   2    5   8  10  13  21  17  13   6    2  -7  -5  -5  -6 -15 -18 -18
 9  -16 -16 -17 -12 -12 -15 -17 -20  -21 -14 -10 -10 -12 -12 -12 -12  -14 -14 -11  -7  -5 -12 -10  -2
10   -1  -3  -4  -9 -11  -9  -4 -12   -8  -3  -6 -11 -19 -20 -28 -29  -38 -29 -33 -31 -36 -30 -24 -24

11  -30 -25 -22 -19 -14 -12 -13 -13  -23 -22 -21 -19 -14 -17 -17 -20  -21 -20 -18 -17 -17 -21 -27 -25
12  -21 -17 -13 -11 -12 -14 -16 -15  -11  -9 -10 -13 -13 -14 -14 -17  -14 -11 -10 -11 -13 -18 -18 -12
13   -8  -2  -2  -7 -12 -20 -19 -17  -11 -10 -10  -6  -4  -2  -1  -5  -10 -15 -19 -19 -17 -16 -18 -19
14  -16 -15 -12 -10  -6  -4  -6  -6   -5  -6  -6  -7  -5  -5  -4  -5   -7  -9 -11 -11  -9 -10 -11  -7
15   -4  -2   2   4   5   5   4   3    2   2   2   2   1  -3  -4  -4   -3  -1   2   4   6   8  10  12

16    9   6   6   9  13  19  17  11    3   9  10  11   8   1  -3  -4   -7 -10  -3   3   8   9   6   2
17   -2  -8 -10  -9  -5  -2  -2  -2   -2   1   2   3   3   5   3   0   -2  -1   3   8  11  12  12  15
18   14  11  12  13  15  14  12  11   12  10   9  11   7   1   3   3    1  -2  -2   3  13  16  19  20
19   14  13  20  17  12   6   6  -2   -6  -1  -2  -4  -8  -8 -10 -15  -13  -9  -9  -7  -1  -4 -13 -12
20  -13 -12 -15 -13 -12 -12 -10  -7   -7 -10 -13 -17 -14 -12 -11 -12  -11 -11 -10  -5   0  -3  -4   2

21    4   5   3  -4 -10 -15 -14  -8   -5  -4  -7  -8  -9  -7  -7  -9  -10  -9  -6  -5  -2  -6 -11  -7
22   -3  -2  -1   3   5   4   4   2    3   4   4   1   2   6   8  10   10   9  11  11   6   3  -7 -11
23   -5   0   0  -2   0  -4 -12 -16  -15 -17 -18 -18 -21 -23 -19 -20  -19 -18 -18 -15 -13 -13 -14 -14
24  -13  -7  -4  -2  -1  -1  -3  -6   -5  -3  -4  -8  -7  -4  -4  -3   -5  -5  -4   0   2   3   3   4
25    7   4   6   8   8   3   3   2    4   4   2  -2  -2   1   0   1    1  -2  -5  -6  -6  -9 -13 -16

26  -12  -7  -7  -3   1   5   5   4    4   3   1   0   1   3   1  -3   -7  -6  -7  -7  -5  -4  -5  -1
27    1   2   2   0   1   3   4   4    2   1   0  -4  -4  -2  -1   0    2   4   1   1   2   3   3   7
28   10  13  11  13  11   8   7   8   10  12  12   8  10  14  16  15   15  16  15  17  18  19  15  11
29   10   7   7   7   9   8   7   6    3   4   5  -2  -4   1   5   6    5   7   7   6   6   9   8   8
30   11  14  13  11   9   3   6   2   -3  -7  -6  -3   2   5  -3  -4   -1   0  -4  -6  -7  -5 -15 -24

 1  -20 -10  -3 -12 -19 -20 -14 -11   -6 -15 -19 -13  -7  -6  -7  -6   -7  -6 -11 -10  -9  -7 -10 -12
 2  -11  -5  -7 -10 -11 -10  -7  -6   -2  -2  -2  -2  -3  -1   1  -1   -1   2   2  -1  -4  -7  -7  -7
 3   -3   1   3   5   5   5   4   3    4   2   2   5   5   5   3   0   -3  -6  -9 -11  -7  -2   1   5
 4    6   2   1   5  10  12  10  11    9   7   6   3  -1  -2   0   4    6   8  13  13  18  16  17  22
 5   21  19  22  20  23  25  29  30   23  17  20  21  25  19  15  14   12   8   3  -8  -3   7  12   3

 6   -1  -3  -9 -25 -34 -41 -27 -17  -21 -29 -32 -23 -28 -30 -27 -24  -23 -23 -19 -20 -21 -25 -32 -37
 7  -27 -17 -14 -15 -15 -15 -15 -16  -12  -9 -17 -21 -24 -24 -18 -18  -17 -19 -20 -21 -22 -18 -15 -13
 8  -13 -13 -12  -9  -7  -5  -5  -6   -2   0  -4 -11 -10 -11  -7  -7   -5  -4  -2   3   5   1 -14 -12
 9   -4  -8 -16 -19  -9  -1   4  -4   -2   4  -1  -4  -4  -3   0  -1   -9 -17 -13 -12 -13 -15 -20 -19
10  -14 -10  -6   0   2   4   5   1   -2   1  -2  -5  -5  -6  -8 -11  -10  -9  -5   2   6   5  -1  -1

11   -1   4   8  11  11  13  14  10    8   5   6   6   7   7   7   8    8   7   3  -1  -5  -6  -5   3
12   11  13  15  16  13  15  12  11    4 -12 -36 -33 -23 -22 -19 -20  -23 -20 -19 -24 -27 -29 -29 -24
13  -20 -15 -18 -18 -15 -12  -9  -8   -7  -7  -7  -9 -11 -14 -16 -13  -10  -9  -5  -5  -3  -3  -5  -8
14   -9 -11 -10 -10  -7  -6  -6  -7   -6  -4  -1   3   3   5   6   5    6   7   5   3   2   2   1   1
15    2   4   9   8  10  10  10  12   16  16  18  21  19  18  19  19   18  18  19  18  23  26  30  33

16   32  31  31  23  22  26  27  27   24  11   8   4   1   5  10  12   10   8   7  -3  -7   1   1   1
17    4   1  -3  -9  -8  -1   1  -6  -10  -4  -2  -9 -11  -9  -7  -7   15  17  11   7  11  11   8   0
18   -6  -5   2   3   2  -1   1   2   -2  -4  -9 -17 -17 -15 -13 -14  -14 -11  -8  -9 -11 -13 -13 -12
19   -9  -6  -3   1   3   3   2   1   -2  -2   8  -3 -10 -10  -6  10   10  -2  -5  -4  -2  -1  -8 -14
20  -21 -26 -15  -8 -25 -28 -25 -26  -23 -22 -19 -17 -21 -23 -22 -18  -18 -16 -14 -16 -15 -14 -22 -34

21  -34 -22 -15 -16 -21 -28 -22 -17  -21 -26 -23 -20 -13 -15  -9 -16  -27 -36 -35 -33 -26 -22 -18 -17
22  -15 -10  -9  -9  -7 -12 -21 -21  -28 -38 -38 -37 -33 -27 -27 -27  -21 -18 -22 -23 -25 -28 -30 -27
23  -22 -17 -16 -15 -12  -8 -10 -12  -16 -17 -14 -13 -13 -13 -11 -13  -10  -7  -4  -3  -8  -8 -14 -18
24  -19 -13  -6  -4  -6  -8  -4  -3   -7 -11  -9 -12 -10 -10  -8 -10  -13 -14 -15 -17 -19 -20 -21 -18
25  -13 -10 -10 -10  -8  -3  -4 -10   -7 -14 -13  -7  -3  -3   6   7    7   9  11  13  15   9   4  -2

26   -1  -5  -7  -7  -5  -7  -9 -10  -11 -21 -21 -19 -18 -16 -14 -16  -18 -16 -12 -12 -10 -14 -17 -15
27  -17 -26 -31 -28 -30 -24 -19 -17  -20 -17 -13 -20 -24 -25 -18 -23  -20 -17 -14 -14 -11 -13 -16 -10
28  -13 -10 -10 -14  -9 -14 -18 -13  -12 -12  -9  -9  -8  -5  -2  -2    1  -2  -2  -2   0  -1  -1  -1
29   -3  -3   0   0  -1  -1  -2 -10  -14 -13 -12 -11 -13   1   2   1    7   3   8  12  13  12  11   9
30    9   7   3   3   4   0   2   2    4   3   2   2   3   6   9   8    5   5   4   5   7   6   9   6

31    3   1  -2  -4  -6  -5  -2  -1   -2  -4  -4   0   3  -5 -10 -16  -21 -20 -15 -12 -10 -10 -10 -11

 1  -12 -14 -12 -10 -10   4  -7 -20  -13  -8  -4 -21 -34 -51 -50 -43  -44 -34 -29 -24 -22 -17 -18   3
 2  -24 -51 -61 -70 -94-102 -85 -71  -66 -58 -46 -40 -51 -58 -49 -44  -55 -49 -45 -47 -53 -61 -69 -56
 3  -50 -57 -52 -55 -53 -53 -49 -47  -45 -41 -41 -43 -44 -39 -31 -29  -27 -20 -18 -13 -18 -21 -16 -10
 4  -11 -16 -29 -35 -48 -58 -57 -46  -43 -42 -44 -38 -37 -32 -29 -29  -26 -25 -24 -24 -31 -28 -27 -25
 5  -21 -17 -15 -15 -15 -14 -13 -15  -14 -14 -12  -9  -8  -9 -10 -13  -12 -12 -12  -9 -10 -11 -11  -7

 6   -5  -7 -10 -11 -12 -12 -10  -9  -10 -11 -12  -9 -10  -7  -7  -7   -8 -10 -10  -8  -4  -3  -3  -5
 7   -6  -5  -3   1   1   0  -1  -2   -2  -3  -3  -3  -3   3   6   6    6   6   6   9  11  10   7   5
 8    5   2  -1  -3  -4  -4  -2   0    1   1   2   4   2  -1   1   7    8  11  14  17  20   9   3   7
 9    8   6   4   3  -1  -2   2  -1    3   5   6   5   0  -6 -16 -16  -21 -20 -15  -8 -14 -24 -33 -31
10  -26 -25 -26 -35 -37 -43 -36 -28  -27 -26 -27 -25 -28 -25 -21 -20  -23 -21 -16  -7  -7  -8  -7 -14

11  -17 -20 -19 -14 -14 -11  -7  -4   -2  -8  -7 -10 -19 -15 -17 -24  -29 -30 -26 -23 -19 -19 -26 -30
12  -30 -26 -25 -20 -26 -30 -22 -18  -18 -11 -11 -10 -12 -15 -19 -16  -12  -8  -6  -8 -11 -13 -16 -24
13  -29 -34 -34 -28 -29 -28 -28 -24  -26 -25 -26 -25 -22 -22 -23 -22  -16 -15 -15 -14 -13 -12 -11 -13
14  -15 -15 -17 -17 -19 -19 -19 -18  -20 -26 -28 -31 -30 -26 -32 -38  -34 -24 -26 -26 -25 -19 -18 -17
15  -23 -28 -27 -27 -26 -26 -22 -25  -24 -24 -23 -26 -27 -30 -32 -34  -27 -27 -29 -15 -23 -38 -35 -28

16  -32 -39 -41 -38 -34 -33 -41 -41  -33 -35 -31 -33 -33 -30 -29 -28  -23 -18 -14 -14 -13 -11 -10 -11
17  -13 -13 -14 -15 -21 -24 -32 -36  -34 -38 -38 -32 -30 -30 -26 -23  -21 -22 -22 -18 -15 -15 -15 -17
18  -24 -30 -27 -30 -30 -32 -34 -30  -31 -31 -30 -26 -25 -20 -15 -18  -18 -16 -11  14  20  19   4 -16
19  -40 -47 -31 -43 -46 -39 -52 -53  -52 -42 -39 -36 -32 -36 -38 -32  -30 -35 -39 -36 -40 -48 -54 -59
20  -71 -69 -57 -57 -57 -59 -53 -47  -45 -43 -39 -39 -38 -41 -38 -32  -30 -29 -31 -44 -54 -54 -67 -70

21  -91-102-104-103 -99-105-106-104  -84 -88 -89 -93 -93 -87 -84 -71  -63 -58 -54 -51 -41 -37 -33 -25
22  -28 -35 -39 -51 -48 -40 -32 -26  -26 -34 -34 -35 -36 -38 -34 -33  -26 -18 -11 -10 -10 -10 -15 -21
23  -25 -25 -25 -22 -16 -14 -16 -18  -25 -25 -21 -19 -18 -16 -14 -15  -12  -9 -10 -10 -15 -18 -18 -23
24  -27 -27 -24 -18 -15 -12 -11 -12  -15 -16 -16 -19 -20 -20 -20 -19  -17 -14 -13 -14 -14 -15 -16 -17
25  -17 -15 -10  -8  -7  -7  -8  -8   -4  -3   0  -2  -8  -9 -10 -10   -7  -5  -8 -10 -11 -12  -9 -10

26   -8  -7  -8  -8 -13 -12 -11  -8   -5  -6  -9  -1   4   5   3 -15  -29 -32 -30 -45 -45 -40 -30 -30
27  -26 -18 -14 -24 -33 -45 -44 -40  -39 -38 -32 -24 -31 -28 -19 -15  -19 -18 -14 -12 -14 -13 -13 -12
28  -14 -16 -22 -24 -22 -20 -17 -16  -18 -15 -17 -21 -23 -22 -22 -18  -15 -10  -9 -14 -21 -26 -25 -25
29  -28 -23 -19 -16 -14 -17 -19 -14  -13 -15 -13 -16 -16 -18 -18 -23  -24 -18 -15 -12 -10  -9 -10 -12
30  -16 -19 -20 -23 -32 -39 -42 -37  -25 -26 -28 -25 -25 -15 -10  -7   -8 -10 -10 -17 -12 -12 -10 -12

31  -15 -18 -16 -12 -13  -9  -1   1    3  -3 -11 -17 -18 -23 -28 -30  -26 -27 -26 -20 -18 -20 -25 -32

 1  -31 -26 -24 -19 -18 -15 -21 -18   -9  -5  -6  -6  -8  -6  -6 -10  -12 -11  -8  -7 -10 -10 -20 -21
 2  -22 -23 -24 -27 -24 -30 -22 -11   -7  -9 -14 -12 -13 -10  -9  -8   -7  -8  -7  -7  -8  -7  -7  -7
 3   -8  -6  -4  -1   1   7  14  18   17  19  21  22  21  20  20  19   19  19  22  23  19  11  14   3
 4   -4  -2  -7 -55 -96-109-108-104  -98 -95 -99 -92 -78 -73 -70 -75  -75 -76 -73 -77 -70 -66 -64 -58
 5  -52 -48 -47 -49 -45 -46 -45 -45  -43 -42 -39 -38 -41 -41 -42 -44  -41 -39 -40 -41 -39 -38 -34 -29

 6  -29 -26 -24 -27 -33 -32 -28 -26  -25 -22 -22 -28 -32 -38 -44 -39  -33 -30 -33 -33 -35 -36 -30 -27
 7  -27 -31 -35 -39 -38 -38 -39 -41  -36 -36 -33 -30 -28 -30 -34 -45  -47 -79-138-142-125-135-149-177
 8 -181-165-152-153-149-127-112-107 -102 -95 -88 -84 -84 -83 -82 -79  -78 -71 -66 -65 -64 -76 -79 -75
 9  -71 -70 -69 -68 -64 -61 -58 -54  -54 -52 -47 -44 -44 -46 -46 -48  -48 -46 -45 -44 -53 -59 -66 -61
10  -69 -63 -60 -63 -63 -59 -62 -64  -61 -56 -52 -57 -62 -58 -62 -67  -63 -66 -68 -76 -74 -79 -82 -69

11  -61 -54 -48 -44 -41 -41 -45 -53  -57 -52 -58 -44 -38 -46 -55 -67  -73 -76 -81 -82 -79 -85 -90 -87
12  -80 -70 -63 -66 -66 -65 -60 -55  -49 -44 -46 -46 -45 -51 -54 -53  -54 -56 -56 -58 -54 -48 -46 -47
13  -49 -43 -41 -43 -50 -51 -41 -44  -48 -45 -39 -40 -42 -41 -42 -43  -44 -41 -42 -42 -38 -37 -38 -41
14  -42 -38 -30 -28 -28 -31 -29 -28  -28 -23 -23 -24 -29 -32 -32 -36  -41 -43 -44 -43 -40 -38 -37 -36
15  -34 -31 -29 -27 -24 -23 -19 -19  -18 -16 -19 -25 -30 -32 -30 -29  -25 -22 -24 -22 -32 -39 -37 -33

16  -27 -21 -16 -15 -14 -11  -2   0    1   1   1  -2  -8  -9 -12 -11  -11 -10 -11 -15 -18 -19 -19 -18
17  -17 -14 -14 -15 -22 -22 -20 -13  -17 -20 -21 -25 -26 -29 -30 -31  -36 -33 -31 -34 -45 -44 -36 -31
18  -27 -27 -27 -28 -23 -22 -21 -17  -21 -23 -31 -23 -22 -28 -30 -34  -30 -29 -30 -37 -33 -26 -25 -22
19  -20 -22 -24 -23 -22 -19 -12 -12  -15 -12 -15 -14 -19 -25 -19 -28  -36 -33 -31 -37 -40 -34 -29 -28
20  -23 -20 -17 -18 -18 -20 -15 -15  -14 -13 -12 -16 -18 -17 -16 -16  -17 -16 -19 -19 -19 -20 -19 -11

21   -8  -9 -12 -10  -6  -4  -5  -7   -9  -9  -8  -7 -10  -8  -5  -6  -16 -18 -18 -19 -21 -22 -22 -20
22  -16 -15 -14 -12 -11 -12 -12 -11  -10 -11  -8  -9 -11 -14 -13 -13  -22 -29 -30 -28 -31 -35 -35 -33
23  -25 -18 -15 -12 -12 -10 -10 -11   -9  -7  -6  -6  -8  -8  -8  -7   -7  -8 -12 -17 -18 -17 -15 -14
24   -5  -4  -2  -3  -3  -3  -1  -1   -1  -5  -5  -5  -8  -8 -11 -13  -13 -12 -15 -15 -13 -15 -12 -11
25   -8  -2   2   1  -1   0   0  -1   -2  -1   0   1   1   0   1  -3   -5  -7  -6  -6  -7  -9 -10 -10

26   -6  -1   1   1  -1  -3  -4  -6   -5  -4  -3  -4  -5  -6  -7  -9  -10 -13 -15 -16 -19 -23 -27 -36
27  -32 -29 -23 -19 -21 -21 -21 -19  -15 -11 -14 -20 -20 -18 -16 -11  -12  -6  -2   2   0  -2  -6  -8
28   -9  -6  -5  -4  -2   3   6   5    1   5   1  -1  -3  -2   1   6    5   6  10  12  12  12  12   9
29   10  12  18  15  13  14  13  13   13  13  15  16  16  14  13   9    7  11  12  14  13  11   6   3
30    1   3   1  -4 -10 -17 -30 -28  -10 -20 -26 -18 -31 -42 -49 -39  -38 -49 -41 -28 -16 -12 -34 -35

 1  -33 -25 -21 -21 -20 -23 -27 -30  -42 -58 -92-127-158-146-154-174 -176-155-158-160-162-156-138-143
 2 -136-140-149-157-158-157-157-160 -146-133-123-120-110-109-109-106 -104 -99 -94 -94 -90 -85 -75 -70
 3  -73 -67 -64 -59 -62 -69 -72 -70  -61 -45 -47 -55 -64 -68 -72 -76  -84 -94-116-113-101-110-112-117
 4 -125-123-104-102-112-131-141-144 -146-128-124-111-115-104 -95 -92  -94 -95 -78 -81 -87 -90 -84 -85
 5  -89 -85 -85 -76 -80 -75 -69 -71  -72 -72 -69 -76 -76 -87 -97-102  -94 -93 -94 -89 -78 -82 -87 -79

 6  -70 -64 -57 -58 -59 -61 -72 -71  -60 -54 -51 -45 -48 -47 -46 -48  -50 -55 -58 -61 -66 -60 -54 -61
 7  -61 -53 -64 -77 -90 -93-103-115  -96 -90 -86 -86 -81 -81 -83 -86  -86 -85 -94 -95 -95-100 -99 -91
 8  -96 -94 -94-101-108 -91 -93 -96  -97 -96 -87 -80 -76 -80 -72 -62  -65 -68 -64 -58 -56 -53 -57 -53
 9  -51 -49 -46 -46 -52 -55 -54 -60  -61 -62 -56 -54 -57 -63 -65 -69  -70 -66 -63 -68 -69 -67 -68 -71
10  -72 -70 -67 -70 -74 -74 -70 -72  -65 -64 -66 -57 -60 -63 -64 -63  -64 -59 -53 -49 -48 -45 -44 -47

11  -47 -46 -45 -45 -45 -41 -40 -42  -40 -35 -33 -32 -30 -30 -31 -34  -33 -33 -34 -33 -33 -35 -41 -45
12  -44 -42 -41 -43 -40 -37 -34 -31  -32 -37 -41 -40 -38 -35 -33 -33  -34 -33 -31 -28 -27 -30 -32 -35
13  -38 -39 -39 -35 -30 -31 -32 -31  -29 -28 -27 -25 -24 -25 -26 -26  -26 -28 -27 -29 -29 -31 -34 -37
14  -36 -33 -31 -34 -33 -39 -41 -43  -44 -52 -59 -63 -79-100 -93 -85  -81 -76 -68 -61 -53 -53 -54 -53
15  -53 -52 -45 -52 -51 -42 -36 -35  -31 -37 -34 -28 -43 -43 -43 -41  -46 -65 -70 -67 -55 -50 -53 -56

16  -55 -49 -43 -41 -44 -44 -42 -37  -34 -30 -32 -30 -27 -27 -23 -23  -23 -23 -42 -57 -63 -57 -57 -61
17  -62 -56 -54 -49 -45 -45 -52 -50  -49 -48 -44 -38 -34 -35 -37 -35  -33 -34 -31 -33 -32 -31 -29 -34
18  -37 -36 -36 -40 -36 -34 -34 -30  -28 -26 -26 -26 -28 -29 -29 -32  -35 -35 -37 -33 -32 -28 -31 -32
19  -32 -32 -29 -29 -28 -32 -30 -28  -24 -26 -26 -27 -27 -24 -24 -25  -27 -26 -29 -31 -28 -29 -26 -26
20  -25 -26 -27 -28 -30 -30 -25 -21  -20 -20 -20 -20 -19 -24 -29 -27  -26 -26 -26 -27 -26 -23 -21 -20

21  -20 -20 -19 -19 -18 -17 -15 -17  -20 -17 -17 -16 -18 -17 -17 -19  -21 -21 -21 -21 -21 -17 -15 -10
22  -11  -9  -8 -11 -15 -19 -20 -18  -16 -15 -20 -22 -24 -29 -23 -22  -21 -20 -19 -17 -22 -19 -16 -17
23  -16 -15 -13 -12 -12 -15 -19 -17  -14 -12 -12 -17 -21 -16  -8   0   -3  -7 -20 -20 -21 -10 -21 -23
24  -10 -20 -37 -51 -60 -69 -62 -62  -58 -64 -70 -67 -69 -62 -68 -81  -91 -86 -91 -94 -98 -86 -73 -65
25  -72 -91 -85 -77 -81 -84 -84 -89  -78 -65 -64 -63 -70 -73 -72 -68  -64 -65 -60 -54 -52 -44 -39 -43

26  -51 -43 -40 -43 -47 -42 -42 -41  -40 -45 -32 -36 -38 -41 -48 -53  -56 -56 -53 -62 -56 -50 -44 -39
27  -36 -32 -32 -41 -50 -49 -46 -48  -51 -46 -43 -41 -48 -55 -60 -65  -65 -65 -57 -53 -53 -61 -59 -58
28  -57 -52 -59 -58 -63 -58 -51 -51  -46 -43 -40 -41 -43 -44 -40 -40  -37 -37 -36 -38 -45 -46 -43 -39
29  -39 -37 -38 -43 -45 -42 -37 -35  -35 -38 -30 -33 -34 -33 -34 -33  -26 -22 -26 -27 -29 -30 -25 -18
30  -17 -13 -19 -24 -23 -25 -28 -39  -36 -38 -43 -38 -39 -39 -44 -44  -36 -36 -39 -45 -47 -45 -37 -34

31  -33 -36 -39 -41 -41 -46 -51 -50  -49 -47 -40 -37 -48 -49 -47 -49  -47 -51 -52 -50 -41 -42 -37 -30

 1  -27 -25 -26 -29 -31 -32 -27 -26  -30 -25 -20 -19 -20 -18 -17 -18  -20 -22 -23 -22 -19 -15 -10 -16
 2  -26 -25 -23 -28 -30 -36 -39 -43  -42 -45 -47 -50 -52 -46 -56 -52  -47 -56 -65 -62 -60 -61 -62 -59
 3  -63 -68 -72 -74 -73 -72 -75 -73  -73 -63 -56 -55 -55 -55 -57 -55  -60 -70 -65 -68 -70 -74 -68 -55
 4  -54 -53 -51 -57 -69 -64 -53 -56  -61 -57 -58 -53 -59 -68 -63 -58  -61 -54 -49 -51 -58 -48 -50 -53
 5  -49 -45 -45 -59 -60 -52 -53 -52  -53 -50 -42 -38 -43 -43 -46 -43  -40 -42 -41 -39 -39 -46 -45 -40

 6  -37 -35 -34 -37 -40 -45 -42 -41  -44 -42 -38 -36 -34 -38 -42 -42  -43 -51 -50 -51 -53 -51 -48 -40
 7  -35 -36 -37 -38 -36 -35 -37 -41  -43 -32 -24 -24 -32 -38 -33 -27  -27 -33 -37 -35 -35 -35 -30 -26
 8  -25 -26 -27 -25 -28 -27 -25 -24  -24 -24 -25 -25 -23 -24 -24 -23  -23 -26 -29 -29 -26 -24 -21 -20
 9  -19 -20 -23 -23 -22 -19 -15 -12  -13 -12 -12 -10 -11 -14 -16 -16  -14 -11  -4  10   7  11  10  -3
10   -2  -7 -10   0  -1 -16 -28 -20  -22 -21 -25 -22 -22 -21 -22 -21  -24 -25 -20 -21 -22 -22 -17 -11

11   -9  -7  -8 -17 -19 -13   0   0   -6 -32 -24 -18 -10 -11 -23 -32  -30 -24 -21 -21 -20 -16 -11  -5
12   -3   0   1   1  -8  -5  -8 -12   -8 -12 -10  -9 -19 -20 -18 -17  -21 -23 -24 -28 -27 -26 -30 -38
13  -34 -34 -33 -38 -43 -40 -38 -37  -33 -32 -32 -28 -28 -27 -25 -25  -24 -24 -27 -30 -33 -31 -28 -31
14  -30 -26 -25 -28 -32 -31 -26 -22  -23 -23 -23 -17 -20 -21 -14  -8   -9 -22 -25 -29 -32 -30 -25 -25
15  -16 -20 -22 -22 -16 -12 -10 -12  -18 -18 -22 -21 -18 -20 -19 -15  -12 -14 -21 -30 -34 -35 -36 -39

16  -32 -30 -25 -20 -17 -16 -15 -15  -16 -19 -18 -15 -17 -18 -17 -17  -16 -15 -18 -22 -28 -28 -28 -22
17  -10  -6  -5  -3  -5  -2   1   0    1   1   0  -1  -1  -2  -5  -9  -12 -11 -10 -10 -16 -18 -18 -19
18  -22 -24 -29 -32 -32 -31 -33 -34  -31 -33 -34 -32 -33 -38 -36 -37  -37 -42 -44 -47 -51 -49 -52 -51
19  -50 -47 -42 -38 -37 -28 -25 -26  -23 -26 -27 -22 -18 -19 -19 -16  -17 -14 -16 -27 -37 -28 -25 -42
20  -45 -41 -38 -37 -32 -30 -28 -29  -29 -29 -29 -21 -18 -15 -13  -9   -8 -23 -52 -82 -87 -76 -69 -66

21  -46 -32  -6 -29 -51 -74 -79-100 -105-117-128-106 -92-100 -89 -85  -77 -75 -75 -76 -76 -72 -69 -69
22  -67 -63 -58 -60 -59 -55 -50 -51  -55 -58 -59 -52 -55 -58 -57 -60  -60 -57 -51 -53 -51 -49 -51 -60
23  -61 -63 -65 -60 -57 -52 -50 -50  -49 -47 -52 -55 -47 -42 -39 -40  -39 -39 -39 -38 -40 -42 -44 -40
24  -40 -34 -31 -37 -39 -38 -35 -38  -39 -37 -41 -42 -46 -50 -52 -52  -50 -47 -44 -46 -49 -49 -48 -42
25  -39 -38 -37 -40 -41 -40 -42 -50  -56 -60 -49 -48 -54 -54 -52 -52  -50 -50 -44 -43 -44 -42 -43 -39

26  -33 -31 -32 -36 -36 -35 -35 -35  -34 -30 -29 -32 -33 -33 -32 -31  -32 -26 -24 -19 -18  -6  -3 -40
27  -36 -39 -56 -58 -54 -62 -64 -60  -56 -58 -57 -58 -48 -49 -49 -48  -44 -42 -37 -36 -43 -48 -48 -46
28  -40 -39 -39 -37 -37 -39 -34 -30  -27 -25 -28 -28 -27 -30 -37 -39  -35 -32 -32 -32 -37 -37 -32 -33
29  -29 -30 -34 -34 -32 -29 -28 -24  -22 -20 -22 -26 -27 -23 -25 -26  -23 -23 -26 -28 -30 -23 -19 -26
30  -29 -26 -28 -31 -28 -24 -31 -31  -28 -28 -31 -34 -31 -30 -38 -39  -37 -34 -34 -33 -34 -32 -28 -29

 1  -23 -27 -28 -25 -30 -38 -38 -39  -30 -28 -30 -26 -34 -37 -40 -42  -39 -38 -37 -32 -27 -31 -31 -27
 2  -26 -24 -26 -27 -23 -22 -27 -32  -35 -30 -27 -26 -26 -27 -25 -23  -28 -27 -30 -32 -27 -25 -30 -29
 3  -22 -25 -27 -28 -32 -30 -29 -30  -26 -24 -31 -30 -28 -27 -27 -27  -27 -23 -18 -19 -20 -21 -21 -19
 4  -15 -17 -17 -17 -17 -18 -22 -26  -30 -27 -27 -28 -23 -23 -26 -27  -27 -25 -26 -26 -26 -28 -29 -24
 5  -22 -22 -24 -26 -24 -24 -28 -35  -37 -38 -35 -33 -30 -26 -26 -24  -20 -20 -23 -22 -21 -22 -22 -20

 6  -17 -12  -9 -12 -14 -14 -12 -10   -6  -5  -5  -6  -8 -10  -8  -1    7   1  -6  -4  -3  -3   2   0
 7  -10 -22 -22 -21 -16  -9  -4 -11  -26 -25 -27 -26 -23 -20 -20 -18  -17 -16 -19 -24 -28 -37 -38 -33
 8  -29 -29 -26 -24 -31 -28 -22 -22  -22 -21 -24 -24 -25 -25 -24 -29  -33 -34 -31 -34 -32 -31 -31 -31
 9  -35 -31 -29 -27 -29 -28 -28 -26  -24 -23 -25 -26 -25 -23 -25 -26  -25 -23 -22 -20 -20 -21 -23 -23
10  -20 -19 -21 -20 -17 -18 -20 -15  -10 -10 -14 -17 -19 -18 -17 -20  -22 -20 -16 -13 -15 -18 -17 -17

11  -17 -16 -15 -15  -9 -10 -13 -17  -10  -8 -11 -15 -11 -12 -13 -15  -16 -10  -6  -6  -8 -11 -15 -17
12  -13 -12 -13 -12 -13 -14 -18 -13   -1   3  -1  -2  -2  -6  -9 -14  -17 -14 -10  -9  -4  -2  -5  -8
13   -5  -4  -7 -10 -13 -18 -20 -19  -12  -8  -9  -6  -7  -8  -8  -9   -9  -6  -4  -3  -1  -1  -6  -7
14   -4  -2  -5  -6  -6  -9 -11  -5    2   9   1  -7 -10  -5  -6 -12  -28 -29 -42 -39 -31 -33 -32 -34
15  -34 -33 -31 -30 -26 -29 -39 -39  -33 -30 -32 -31 -31 -32 -31 -34  -31 -26 -22 -19 -16 -14 -17 -17

16  -15 -13 -13 -11 -11 -13 -19 -22  -21 -21 -21 -22 -20 -21 -22 -20  -20 -19 -14  -9  -5  -5  -6  -6
17   -3  -4  -7  -7  -7 -10 -15 -13   -8  -5  -7 -11 -12 -10 -11 -14  -16 -13  -9  -5  -2   3   6  10
18   16  15  17  16  17  18   9  11   15  17  16  14  16  19  13   9    6   8  13  15  17  20  17  15
19   20  26  22  16  17  15   2  15    8 -24 -13  -9 -30 -22 -38 -58  -63 -64 -71 -67 -72 -71 -71 -66
20  -59 -50 -41 -47 -58 -64 -62 -59  -51 -45 -45 -40 -41 -44 -44 -42  -47 -45 -33 -35 -43 -35 -45 -60

21  -64 -69 -73 -75 -69 -51 -46 -50  -47 -44 -40 -40 -44 -44 -48 -47  -47 -48 -38 -32 -33 -37 -40 -39
22  -33 -30 -31 -31 -29 -30 -35 -35  -31 -27 -20 -17 -11  -5  -6  -3    3  18   1   5  22   4  -5 -15
23  -17 -21 -25 -25 -24 -29 -42 -48  -51 -55 -61 -67 -55 -57 -56 -53  -48 -43 -41 -36 -29 -39 -35 -42
24  -41 -33 -32 -33 -34 -37 -46 -49  -44 -37 -35 -37 -37 -36 -31 -33  -42 -45 -46 -37 -32 -43 -42 -33
25  -31 -28 -30 -29 -25 -28 -34 -36  -32 -32 -32 -30 -31 -32 -37 -39  -37 -35 -33 -31 -28 -29 -29 -29

26  -28 -24 -22 -22 -26 -33 -38 -32  -27 -30 -33 -43 -43 -38 -40 -48  -49 -44 -29 -19 -19 -16 -22 -33
27  -33 -36 -32 -45 -68 -65 -68 -61  -62 -58 -56 -57 -58 -54 -55 -63  -68 -61 -53 -45 -49 -50 -53 -48
28  -43 -40 -42 -43 -45 -45 -45 -48  -48 -49 -46 -44 -40 -36 -37 -44  -46 -40 -33 -31 -29 -26 -30 -32
29  -30 -28 -22 -23 -24 -29 -37 -37  -34 -28 -26 -26 -25 -24 -26 -27  -31 -29 -27 -24 -22 -26 -26 -25
30  -23 -22 -20 -21 -25 -30 -36 -37  -29 -21 -19 -22 -22 -22 -23 -28  -30 -31 -26 -23 -25 -26 -31 -27

31  -21 -20 -18 -21 -28 -33 -33 -32  -24 -18 -21 -26 -26 -23 -20 -23  -25 -24 -22 -18 -19 -21 -20 -16



