 1   -4   1   1  -6  -6  -2  -2  -6  -10 -12 -11 -13 -18 -23 -18 -16  -10  -4  -4  -5  -8 -13 -11  -7
 2  -10  -8  -8 -13 -14  -8  -4  -6  -11 -12 -14 -14 -12 -14 -18 -18  -13  -7 -10  -8   0   8  15  16
 3   16   9   5   4   5   8  15  18   12   3   5   3   3   4   5  -4   -9 -19 -29 -32 -33 -31 -25 -21
 4  -22 -19 -22 -33 -31 -24 -21 -24  -30 -32 -32 -28 -23 -22 -22 -23  -16 -10 -11 -16 -14 -15 -12 -10
 5  -11 -10  -9 -12 -15 -11  -5  -4   -8  -9  -5  -6 -10 -11 -14 -11  -10  -9 -11 -11 -12 -10 -11  -6

 6   -4  -3   0  -2  -3  -1   0  -1   -3  -3  -1  -1  -2  -3  -2   2    1   1   1  -3  -7  -5  -4  -4
 7   -8 -12 -12  -9  -6   0   4   7    3  -2  -5  -7 -11 -12  -9 -10  -12 -13 -10  -7  -7  -7  -7  -7
 8   -4   2   3   1   2   6  13  14   10   7   4   2   2   1   2   8    9   8   7   2  -1  -1   0  -2
 9   -2   0   4   4   3   7  13  16   15  10   6   3   0   2   4   0    0  -1  -7 -12  -8  -5   1   7
10   11  12  11   5  10  13  15  17   15  12   9  11   3  -8  -9  -8  -12 -13 -15 -22 -21 -21 -23 -31

11  -27 -24 -27 -28 -23 -13  -8  -9  -10 -10 -12 -15 -19 -21 -23 -20  -18 -17 -15 -14 -13 -14 -20 -20
12  -21 -20 -22 -23 -23 -20 -25 -29  -22 -18 -16 -14 -14 -16 -17 -18  -18 -19 -21 -21 -17 -13  -9  -5
13   -9 -14 -15 -11 -14 -13 -10  -7   -8 -10  -8  -6  -6  -6  -2  -3   -3  -1   0   0  -2  -4  -3  -6
14   -6  -5  -5 -10 -13 -11 -16 -16  -20 -16 -15 -11  -9  -4  -3  -4   -8 -12 -10 -10 -10  -7  -7  -9
15   -3  -3  -3  -3  -2  -4  -9  -9   -5 -11 -15  -9  -5  -9 -10  -8  -12 -12  -5  -3  -4  -2  -4  -4

16   -5  -6  -5  -8 -11  -7  -4  -3   -3  -1  -1   0  -3  -6  -2   0    1   2   3  -2  -9 -12 -11 -10
17   -8  -7  -6 -10 -10 -11  -5  -2   -3  -7 -19 -16  -8   2  15   2    0   2   6   4   4   6   7   6
18    8  12  12   7   8   4  -2   2    5   1   1  10   5  -8 -10  -1    1  -4  -1  -5  -1  -2  -1   2
19    3   5   9   7   1  -1 -15 -24  -26 -30 -29 -22 -16 -17 -20 -31  -37 -34 -23 -17 -20 -26 -22 -15
20   -9  -8 -22 -32 -33 -28 -29 -28  -24 -20 -21 -21 -20 -15 -12 -15  -18 -17 -16 -19 -20 -17 -16 -16

21  -16 -12  -9  -9 -18 -18 -14 -20  -25 -24 -27 -26 -26 -25 -25 -19  -15 -12  -7  -3  -5  -6  -8 -16
22  -18 -14 -12 -17 -23 -22 -14 -12  -16 -18 -19 -23 -17 -16 -12 -10  -10 -10 -10  -6  -8  -8  -6 -24
23  -24 -17 -23 -20 -17 -18 -17 -17  -18 -18 -17 -18 -16 -18 -19 -22  -22 -23 -15 -15 -18 -16 -22 -31
24  -24 -21 -24 -21 -18 -18 -16 -10  -19 -20 -21 -21 -16 -13 -12 -10  -13 -20 -16 -14 -20 -22 -41 -46
25  -40 -32 -32 -33 -36 -28 -37 -44  -41 -29 -38 -38 -34 -35 -36 -34  -31 -23 -23 -21 -22 -22 -22 -21

26  -24 -21 -16 -14 -14 -15 -16 -20  -17 -16 -19 -14 -12 -15 -12 -12  -14 -10  -6  -9  -9 -14 -12 -15
27  -10   0  -7 -18 -11  -4  -6  -5  -10 -14 -16 -17 -15 -11 -13 -11   -5  23  19  13   4   6  -2  -8
28  -13 -22 -23 -21 -19 -26 -30 -26  -20  -9  -4  -2  -5  -2   1  -3   -1   3   7   6  -5 -11 -11  -6
29   -6  -8 -11 -12 -10 -11  -8  -3   -1   2  -4  -6  -3   5  -8 -11   -9  -9  -8 -22 -32 -33 -46 -63
30  -66 -57 -48 -49 -44 -45 -42 -38  -37 -32 -38 -32 -24 -31 -38 -32  -42 -41 -39 -32 -28 -27 -23 -20

31  -19 -24 -23 -28 -32 -37 -43 -41  -38 -36 -38 -37 -33 -30 -33 -38  -41 -43 -36 -35 -36 -36 -33 -30

 1  -27 -25 -23 -21 -22 -21 -20 -21  -21 -23 -26 -27 -28 -28 -27 -28  -24 -14 -10 -12 -20 -36 -36 -38
 2  -46 -44 -33 -35 -32 -31 -44 -54  -41 -59 -67 -61 -65 -61 -66 -72  -65 -72 -71 -57 -68 -72 -71 -68
 3  -59 -58 -58 -55 -53 -49 -48 -50  -48 -47 -54 -53 -47 -42 -42 -35  -29 -27 -19 -18 -23 -29 -27 -28
 4  -25 -21 -28 -38 -31 -43 -41 -54  -72 -74 -66 -58 -49 -48 -43 -39  -35 -32 -35 -38 -44 -47 -55 -54
 5  -52 -48 -45 -43 -40 -38 -34 -28  -26 -29 -33 -34 -27 -27 -26 -33  -36 -29 -26 -28 -33 -33 -26 -23

 6  -21 -12  -8 -11 -13 -12 -13 -23  -20 -17 -18 -22 -26 -24 -21 -25  -31 -30 -30 -35 -39 -40 -35 -31
 7  -32 -30 -31 -27 -26 -25 -26 -29  -34 -38 -36 -34 -35 -35 -35 -36  -36 -31 -30 -31 -32 -29 -26 -27
 8  -30 -32 -26 -26 -30 -30 -25 -23  -29 -24 -20 -19 -19 -21 -28 -28  -23 -22 -24 -28 -30 -30 -32 -28
 9  -31 -32 -29 -31 -25 -21 -26 -31  -29 -30 -26 -21 -17 -11 -15 -25  -21 -25 -28 -32 -35 -36 -36 -33
10  -30 -31 -33 -28 -24 -33 -43 -45  -44 -41 -31 -27 -21 -20 -22 -22  -24 -25 -16 -16 -15 -15 -12 -16

11  -19 -22 -22 -23 -24 -28 -34 -36  -34 -31 -31 -26 -21 -15 -15 -15  -13 -15 -20 -17 -16 -17 -15 -10
12   -6  -7  -6  -8 -12  -9  -7  -9   -9  -8 -12 -15 -10  -4  -3 -10  -13  -7  -9 -12 -16 -13 -19 -25
13  -22 -20 -23 -21 -16 -14 -13 -11  -10  -6  -1  -3  -1   0   1   0    2   2   3   2   1  -1 -10 -22
14  -27 -23 -19 -17 -20 -16  -9  -7   -6  -7 -14 -10  -9  -1  -4  -8   -9 -10 -11  -5  -5  -6  -4  -8
15  -16 -18 -10 -10 -12 -14 -11  -7  -10 -13 -22 -22 -24 -17 -21 -24  -33 -31 -23 -22 -22 -21 -24 -21

16  -12 -15 -15 -13 -15 -17 -20 -16  -14 -17 -16 -14 -10 -12 -18 -19  -15 -11  -9 -10 -13  -9 -16 -19
17  -19 -12 -13 -16 -17 -17 -16 -13  -13 -12 -16 -15 -11  -3  -6 -11  -11 -12  -8  -5  -8 -11  -7   2
18   10  14  14  10   6  16  26  11    7  -5 -17 -14 -11  -6  -4  -9  -11 -13  -7   0  -3 -11 -14 -16
19  -12  -8  -4  -3   0   2  -1  -1    1   1   0  -3  -6  -2  -2   0    1   4   6   3   0 -13 -20 -13
20   -7  -2   3  -1  -1  -9 -10 -11   -6  -4 -15 -16 -15 -12 -10 -13  -13 -15 -19 -19 -23 -27 -22 -15

21  -10  -9  -9  -9  -6  -5  -2  -3  -11 -14 -12 -12  -7  -3  -5  -7  -14 -15 -14 -19 -24 -19 -18 -12
22   -9  -6  -8  -9  -4  -2  -2  -5   -6  -6  -6  -3   2   1   0 -11   -8  -4  -6  -5  -7  -9  -9  -4
23   -1  -2   0   1  -4  -3   0  -2   -2   0   0   2   3  -7 -12 -10   -9 -12 -15 -11 -12 -12  -5  -4
24   -5  -5  -5  -3  -3  -2   0   2    0   0  -3  -9 -11 -14 -13  -9  -10  -6  -4  -2  -4  -4  -6  -8
25   -8  -7  -6  -4  -2   0   2   2    2   2   1   1   0  -1  -1  -3   -3  -5  -8  -7  -7  -5  -2  -1

26    2   4   5   5   7   9   1  -7  -14 -21 -21  -7  -6 -10  -4  -5  -10 -10   0   7   9   6   1  -3
27  -19 -41 -60 -50 -41 -43 -47 -46  -45 -41 -41 -30 -34 -32 -41 -44  -47 -51 -53 -58 -63 -66 -58 -43
28  -37 -33 -32 -31 -25 -23 -20 -20  -30 -38 -35 -29 -26 -32 -36 -34  -32 -32 -37 -49 -55 -48 -42 -46

 1  -48 -49 -38 -32 -29 -26 -25 -23  -21 -29 -31 -32 -34 -27 -22 -27  -22 -22 -23 -25 -33 -40 -36 -28
 2  -23 -22 -22 -25 -27 -22 -19 -19  -19 -17 -15 -22 -30 -33 -31 -29  -23 -20 -23 -27 -34 -28 -25 -27
 3  -30 -31 -22 -19 -19 -16 -12  -8  -11 -20 -16 -11  -7  -9  -8  -8  -24 -37 -36 -26 -29 -29 -35 -51
 4  -67 -55 -57 -65 -59 -57 -57 -67  -60 -51 -43 -44 -42 -42 -43 -43  -42 -39 -36 -34 -43 -43 -31 -25
 5  -29 -32 -37 -35 -37 -34 -27 -25  -32 -39 -39 -33 -24 -24 -25 -21  -21 -20 -19 -23 -26 -24 -32 -26

 6  -27 -28 -30 -35 -38 -39 -40 -43  -47 -44 -37 -33 -24 -28 -44 -50  -47 -38 -39 -40 -43 -44 -47 -40
 7  -33 -30 -41 -45 -39 -32 -33 -36  -33 -37 -36 -31 -25 -28 -29 -27  -22 -19 -17 -20 -26 -20 -19 -17
 8  -17 -14 -14 -15 -16 -14 -12 -16  -16 -15 -14 -13 -16 -20 -19 -16  -18 -22 -31 -29 -28 -28 -27 -28
 9  -26 -20 -19 -22 -25 -27 -26 -24  -20 -18 -14 -12 -12 -12 -12 -14  -11 -13 -19 -23 -23 -29 -25 -23
10  -16 -14 -18 -25 -20 -11  -7 -19  -25 -19 -20 -25 -18 -22 -28 -27  -27 -22 -27 -30 -37 -35 -26 -25

11  -23 -19 -19 -19 -15 -15 -15 -22  -21 -21 -25 -23 -13 -10  -9  -8   -5  -3 -14 -14 -13 -12 -11 -15
12  -17 -19 -16 -17 -13 -10  -7 -10  -11  -9 -10 -11  -9  -5  -1   1    4   5   4   6   5   4  -2 -10
13   -7 -16 -15 -19 -16 -19 -23 -14   -9  -6  -7  -5  -6 -21 -17 -12  -11  -8  -8  -7  -4  -3  -5  -6
14   -2  -1  -3  -7   1   6   7  -2  -20 -28 -32 -33 -19 -29 -29 -24  -22 -19 -28 -36 -40 -31 -24 -21
15  -24 -39 -36 -28 -25 -20 -22 -30  -29 -25 -25 -12 -14 -11 -11 -12  -14 -18 -21 -18 -23 -21 -18 -18

16  -16 -11 -13 -15 -13  -9  -7  -9   -8 -12 -15  -9 -10 -13 -29 -26  -16 -17 -38 -54 -58 -60 -54 -45
17  -44 -40 -37 -38 -43 -51 -50 -44  -46 -47 -42 -44 -39 -30 -40 -46  -48 -38 -37 -37 -35 -44 -52 -47
18  -45 -54 -52 -48 -46 -41 -38 -44  -42 -42 -47 -41 -36 -35 -37 -33  -32 -31 -30 -28 -27 -25 -21 -19
19  -18 -19 -18 -20 -28 -29 -31 -32  -32 -28 -24 -23 -19 -15 -17 -15   -7 -11 -10  -6  -9 -13 -13 -15
20  -16 -10  -8  -8  -6   4  -7 -12  -15 -20 -15 -18 -24 -32 -37 -43  -49 -46 -55 -64 -63 -58 -49 -37

21  -42 -36 -27 -23 -25 -33 -31 -30  -30 -30 -27 -28 -22 -18 -20 -21  -20 -18 -20 -24 -18 -16 -24 -34
22  -36 -27 -21 -23 -31 -36 -36 -28  -31 -27 -29 -23 -18 -15 -15 -13  -12 -11 -14 -16 -14 -16 -18 -19
23  -17 -18 -16 -16 -17 -15 -15 -17  -13 -17 -18 -23 -17 -18 -23 -23  -20 -20 -22 -24 -22 -19 -17 -20
24  -15 -10  -9 -11 -12 -11 -12 -11  -17 -21 -18 -15 -12 -15 -15 -14  -13 -12 -12 -13 -11  -7  -5  -6
25   -7  -6  -5  -6  -6  -5  -3  -3   -2  -1   0   4   6   5   3   0    0   1  -4  -3  -3  -2   3   7

26   11  13  12   9   7   7   9  10    9   6   0  -3  -5  -2  -4  -7   -7  -4   6   2   2  -4  -6   3
27    5 -10 -12  -9  -7 -10 -24 -33  -25 -19 -36 -35 -33 -34 -36 -43  -53 -56 -48 -43 -46 -41 -47 -52
28  -50 -42 -32 -32 -31 -30 -30 -33  -31 -26 -21 -16 -16 -18 -15 -12  -20 -22 -29 -37 -41 -50 -50 -55
29  -49 -49 -58 -57 -62 -62 -63 -55  -46 -40 -38 -40 -41 -39 -39 -43  -46 -51 -53 -62 -70 -70 -61 -67
30  -59 -59 -45 -46 -48 -48 -50 -49  -48 -45 -38 -38 -37 -40 -44 -42  -42 -46 -51 -57 -57 -65 -76 -67

31  -61 -56 -50 -50 -42 -33 -28 -34  -41 -52 -53 -56 -59 -61 -68 -78  -76 -60 -67 -72 -72 -67 -68 -60

 1  -61 -68 -60 -63 -56 -51 -54 -55  -48 -41 -37 -31 -27 -31 -34 -31  -31 -36 -40 -41 -45 -39 -34 -34
 2  -33 -33 -34 -33 -33 -38 -41 -45  -51 -48 -40 -36 -39 -44 -37 -39  -36 -32 -33 -37 -46 -50 -53 -40
 3  -36 -35 -29 -25 -27 -28 -29 -28  -31 -32 -26 -20 -20 -21 -23 -21  -18 -20 -22 -15 -17 -28 -40 -45
 4  -38 -35 -33 -28 -26 -25 -26 -29  -29 -32 -30 -30 -36 -46 -51 -51  -51 -44 -35 -33 -41 -38 -50 -62
 5  -58 -52 -49 -48 -51 -46 -35 -35  -40 -38 -34 -30 -26 -26 -31 -35  -34 -34 -47 -48 -45 -39 -34 -28

 6  -37 -36 -31 -26 -23 -23 -22 -24  -25 -26 -23 -20 -17 -16 -17 -18  -19 -19 -16 -16 -17 -21 -22 -21
 7  -18 -16 -15 -14 -13 -15 -13 -12  -12 -12 -10  -9 -12 -11  -5  -8   -6  -9  -7  -6  -3   1   1   0
 8    5  20  17  17   4  -4 -12 -23  -23 -14 -21 -13 -12 -17 -31 -33  -28 -25 -28 -29 -29 -23 -17 -18
 9  -21 -22 -19 -16 -26 -32 -35 -41  -29 -23 -19 -26 -30 -26 -24 -16  -19 -18 -16 -14 -14 -18 -12  -7
10   -5 -11 -12 -13 -22 -31 -32 -24  -32 -32 -33 -22 -18 -21 -24 -15  -15 -13 -15 -25 -28 -29 -25 -20

11  -19 -20 -21 -19 -18 -16 -12 -10  -13 -16 -15  -9  -9  -9 -10 -13  -15 -12 -15 -20 -17 -16 -16 -17
12  -22 -20 -12 -12 -11  -9  -8  -4   -2   0  -2  -2  -3  -5  -5  -5   -6  -5  -5  -5  -6  -5  -4  -3
13   -5  -7  -7  -9  -2   1   1  -4   -5  -7 -11  -9  -8  -8  -4  -4   -4  -5  -7  -8  -8  -8  -7  -3
14    1   1   4   8   2   3   4   6    7   7   6   6  -5 -23 -35 -31  -21 -21 -28 -33 -31 -26 -23 -20
15  -15 -18 -18 -17 -13 -19 -11 -16  -16 -14 -14 -12 -10  -7  -2  -2   -3  -4  -8  -9 -10  -8  -8  -4

16   -3  -1   3   6   1  -3 -10 -13   -9 -14 -16 -11 -12 -12 -22 -27  -24 -19 -19 -18 -29 -32 -24 -18
17  -18 -19 -24 -19 -20 -30 -28 -26  -24 -23 -31 -36 -31 -25 -25 -37  -35 -30 -26 -22 -24 -24 -18 -11
18  -11 -15 -13  -9 -11 -22 -26 -19  -15 -18 -17 -19 -22 -23 -23 -25  -25 -23 -17 -12 -15 -19 -16 -16
19  -15 -14 -15 -14 -13 -13 -12  -6   -3  -3  -1  -5  -9 -12 -14 -13  -10  -5  -5  -7  -4  -6  -6  -5
20   -8 -13 -17 -18 -16 -21 -25 -18  -13 -10  -9  -8  -5   4  11   6    4   2   3   6   7   7   6 -16

21  -31 -40 -35 -27 -28 -29 -36 -35  -27 -28 -33 -31 -31 -28 -28 -27  -29 -25 -19 -20 -29 -28 -31 -37
22  -42 -46 -36 -28 -28 -30 -23 -16  -16 -31 -30 -19 -25 -29 -33 -33  -33 -35 -32 -33 -35 -33 -31 -21
23  -22 -25 -26 -20 -15 -23 -25 -35  -49 -43 -35 -27 -28 -29 -30 -29  -28 -25 -23 -24 -21 -17 -15 -18
24  -19 -22 -21 -16 -13 -14 -20 -28  -36 -41 -31 -26 -24 -31 -36 -37  -37 -41 -47 -40 -52 -42 -34 -35
25  -39 -34 -33 -37 -46 -50 -40 -33  -36 -40 -47 -48 -47 -43 -42 -41  -41 -48 -44 -37 -33 -41 -53 -44

26  -43 -42 -37 -34 -35 -29 -26 -24  -21 -27 -32 -32 -35 -31 -30 -32  -34 -31 -23 -23 -26 -18 -14 -12
27  -17 -19 -18 -14 -16 -20 -20 -16  -13 -14 -15 -15 -18 -13 -11 -13  -18 -15 -11 -10 -11 -16 -19 -13
28  -14 -20 -30 -33 -35 -31 -32 -40  -46 -49 -40 -36 -31 -28 -32 -30  -28 -24 -22 -20 -22 -24 -20 -17
29  -18 -23 -20 -16 -14 -10 -11  -6   -7 -10 -11 -11 -13 -16 -23 -28  -33 -44 -51 -52 -43 -44 -53 -57
30  -53 -57 -67 -54 -44 -38 -35 -31  -24 -27 -47 -49 -40 -37 -43 -40  -53 -47 -38 -39 -42 -34 -39 -61

 1  -78 -77 -56 -52 -58 -61 -72 -63  -55 -48 -50 -48 -46 -45 -43 -46  -47 -43 -42 -43 -41 -43 -41 -36
 2  -30 -33 -39 -38 -22 -20 -20 -23  -25 -23 -23 -27 -18 -21 -25 -26  -23 -25 -27 -23 -20 -16 -19 -18
 3  -19 -20 -20 -14 -13 -12 -10  -9  -12 -14 -18 -16 -15 -18 -21 -19  -20 -16 -12 -14 -14 -15 -18 -20
 4  -17 -18 -15 -14 -13 -13 -12 -13  -15 -13  -8  -8  -4  -1   2   3   -1  -1   3   3   5   7  10  11
 5   12   9   6  10  12   9  10  11   10  11  14  12  11  19  22  21   14  21  26  19  19  10  13   7

 6    0   3   5   4   2   1   3   0   -1   1   4   5  -4  -7 -11 -21  -23 -27 -22 -25 -17 -21 -18 -20
 7  -22 -19 -22 -27 -29 -32 -38 -31  -34 -39 -34 -32 -29 -25 -30 -34  -36 -35 -32 -31 -33 -34 -25 -20
 8  -30 -33 -26 -21 -27 -29 -30 -24  -19 -15 -18 -22 -18 -19 -22 -26  -24 -32 -29 -31 -28 -26 -38 -38
 9  -35 -33 -24 -23 -24 -13  -5   1    4  -7 -16 -30 -45 -50 -46 -43  -43 -45 -38 -28 -27 -28 -27 -32
10  -32 -44 -60 -69 -66 -64 -70 -82  -84 -73 -67 -59 -57 -56 -50 -49  -52 -48 -46 -51 -48 -43 -38 -33

11  -36 -48 -45 -38 -33 -29 -30 -42  -48 -47 -34 -32 -33 -36 -40 -38  -36 -34 -32 -24 -20 -22 -22 -18
12  -18 -17 -18 -29 -31 -27 -24 -22  -19 -14 -11 -16 -21 -22 -23 -24  -21 -24 -27 -29 -27 -21 -19 -18
13  -18 -19 -16 -16 -18 -21 -24 -23  -15 -17 -19 -20 -14 -14 -17 -26  -31 -30 -25 -23 -22 -22 -17 -18
14  -18 -22 -23 -22 -25 -28 -26 -26  -21 -28 -26 -22 -20 -22 -22 -28  -27 -26 -20 -25 -22 -24 -26 -28
15  -29 -22 -19 -19 -21 -22 -24 -26  -22 -21 -25 -25 -27 -30 -32 -31  -36 -39 -37 -33 -31 -28 -25 -16

16  -17 -17 -18 -22 -17 -13 -13 -16  -15 -16 -16 -16 -18 -18 -16 -13  -12  -9  -8 -14 -17 -16 -16 -18
17  -15 -11 -11 -12 -13 -19 -17 -17  -13  -9 -10 -13 -15 -12 -16 -19  -19 -19 -18 -18 -17 -15 -13  -8
18   -3  -2  -1  -1  -3  -5   1   4    6   6   5   8  11  13  13  14   16  13   7   6  13   7   3  -5
19  -14 -18 -16 -17 -13 -10 -15 -11   -5  -5  -3  -5  -8  -6  -9 -11  -16 -17 -16 -14 -10 -12 -23 -24
20  -15  -7  -9 -13 -16 -15  -4  -1  -10 -17 -21 -19 -17 -12 -15 -18  -15 -13  -9  -6  -5 -10 -10  -7

21   -7  -8 -11 -10  -9  -5  -1   2    2   0  -3  -1   3   3   4  -2   -8 -26 -39 -46 -50 -56 -49 -52
22  -62 -70 -73 -60 -55 -50 -44 -48  -53 -46 -38 -37 -37 -37 -39 -41  -38 -31 -28 -35 -28 -24 -24 -22
23  -21 -21 -22 -30 -37 -36 -29 -33  -35 -33 -24 -26 -25 -29 -31 -32  -36 -36 -29 -24 -20 -16 -15 -21
24  -20 -19 -18 -17 -24 -23 -21 -22  -19 -21 -22 -23 -24 -29 -31 -28  -32 -30 -34 -33 -35 -38 -37 -34
25  -36 -35 -34 -40 -36 -30 -24 -22  -22 -22 -19 -17 -17 -15 -17 -20  -25 -26 -24 -25 -23 -19 -14 -15

26  -20 -22 -20 -23 -21 -22 -18 -21  -23 -24 -27 -30 -27 -24 -21 -23  -20 -15  -9 -12 -14 -13 -15 -25
27  -20 -20 -28 -32 -27 -27 -19 -17  -16 -17 -20 -32 -30 -22 -24 -25  -24 -26 -22 -22 -27 -30 -21 -19
28  -30 -36 -40 -31 -27 -32 -28 -19  -26 -26 -30 -32 -37 -33 -36 -43  -42 -40 -39 -34 -35 -37 -38 -39
29  -38 -30 -28 -34 -43 -39 -31 -34  -37 -32 -30 -31 -25 -30 -49 -49  -29 -37 -54 -48 -43 -65-116-144
30 -129-133-135-112 -93 -86 -74 -68  -68 -67 -58 -60 -72 -63 -81 -79  -63 -48 -48 -47 -48 -48 -46 -54

31  -51 -49 -35 -33 -46 -63 -56 -47  -45 -47 -44 -43 -40 -43 -48 -49  -48 -42 -37 -35 -33 -34 -35 -34

 1  -31 -27 -28 -32 -30 -30 -25 -24  -25 -22 -20 -17 -17 -21 -23 -19  -16 -14 -13 -29 -36 -32 -26 -17
 2  -13 -13 -14 -21 -31 -31 -43 -82  -91 -78 -60 -58 -62 -57 -49 -49  -47 -49 -44 -40 -41 -39 -37 -41
 3  -38 -32 -29 -27 -33 -30 -24 -20  -23 -23 -25 -26 -24 -26 -26 -27  -28 -21 -17 -17 -17 -23 -33 -32
 4  -33 -33 -30 -25 -26 -24 -19 -20  -21 -21 -23 -29 -30 -28 -29 -29  -27 -28 -26 -26 -22 -18 -21 -22
 5  -23 -25 -26 -27 -21 -15 -12 -12  -15 -15 -11 -16 -14 -17 -18 -19  -21 -21 -22 -20 -13 -10 -17 -17

 6  -12  -7 -10 -17 -16 -12 -10  -7   -8  -8  -8  -9 -11 -12 -11 -13  -15 -18 -16 -18 -11  -9 -11  -8
 7   -6  -6 -11 -19 -18 -11  -7 -11   -6  -2  -3  -8 -14 -18 -17 -19  -19 -16 -12  -5   0 -16 -17 -10
 8   -6  -5  -7 -17 -28 -23 -14 -11  -13 -14 -13   0 -12 -19 -21 -25  -30 -37 -35 -32 -34 -40 -50 -43
 9  -33 -25 -30 -36 -31 -33 -37 -32  -30 -29 -27 -35 -29 -26 -22 -19  -19 -16 -18 -15 -15 -20 -39 -45
10  -28 -19 -19 -20 -19 -20 -22 -22  -28 -28 -21 -27 -33 -35 -32 -24  -22 -20 -15  -8  -8 -11 -12 -13

11   -7  -8 -11 -16 -17 -13 -13 -16  -17 -14 -12 -15 -18 -24 -22 -22  -21 -15  -9 -15 -13 -11  -6  -4
12   -2   0  -2  -4  -5  -1   2   5    6   4   0  -3  -7  -5  -3  -6   -5  -2  -1  -2  -3  -3  -3   2
13    2   3   4   2   1   1   2   3   -2  -4   0  -1   0   4   4   5   10  12  18  13   4  -3  -5  -2
14    1   6   8   9   1 -18 -28 -29  -32 -38 -30 -19  -8   0  -8  -2  -10 -16 -19 -22 -28 -26 -20 -15
15  -12 -13 -10  -7 -16 -29 -26 -20  -19 -16 -10  -7 -10  -9  -5  -1   -3  -6  -8  -8 -13 -14  -8  -7

16   -5   3  -1  -7   1  11  11   5    4   4 -11 -22 -32 -39 -47 -56  -59 -57 -54 -49 -56 -64 -68 -57
17  -55 -42 -43 -43 -54 -58 -56 -71  -81 -76 -77 -75 -61 -60 -58 -59  -46 -38 -34 -32 -46 -52 -53 -43
18  -40 -38 -34 -42 -49 -51 -70-109 -132-141-123-101 -97 -96 -93 -88  -86 -82 -77 -74 -77 -79 -70 -57
19  -60 -54 -51 -50 -48 -49 -61 -60  -55 -49 -49 -47 -48 -45 -43 -41  -44 -42 -42 -39 -36 -32 -30 -30
20  -32 -31 -31 -27 -23 -24 -25 -22  -17 -12 -15 -15 -18 -18 -18 -25  -27 -25 -25 -23 -21 -20 -17 -16

21  -20 -28 -35 -37 -32 -37 -49 -48  -49 -50 -41 -33 -34 -35 -35 -32  -35 -38 -32 -32 -39 -43 -41 -38
22  -31 -26 -19 -18 -18 -16 -19 -27  -30 -28 -28 -23 -23 -23 -22 -18  -19 -23 -29 -32 -32 -30 -34 -36
23  -34 -32 -26 -20 -13 -17 -19 -21  -20 -19 -21 -21 -22 -21 -24 -25  -18 -19 -19 -19 -22 -16 -12 -12
24  -17 -21 -29 -34 -31 -38 -42 -47  -46 -31 -32 -46 -53 -55 -51 -48  -45 -41 -39 -38 -38 -31 -25 -24
25  -23 -23 -20 -20 -20 -21 -22 -22  -18 -20 -22 -20 -22 -23 -19 -22  -29 -32 -27 -30 -35 -27 -19 -15

26  -13 -11 -11 -12 -20 -20 -14 -10  -12 -18 -17 -16   4  20  13   6    7   5   3   0   0  -1  -2   2
27    4   2   4   7  -8  -8  -8 -17  -24 -20 -13 -12 -23 -27 -33 -29  -29 -27 -27 -24 -28 -25 -25 -24
28  -20 -11  -7 -17 -23 -28 -21 -15  -12 -17 -17 -13  -9 -15 -34 -32  -32 -26 -25 -23 -21 -24 -27 -28
29  -30 -26 -16 -15 -18 -20 -23 -23  -21 -29 -25 -21 -21 -21 -23 -25  -18 -15 -17 -17 -20 -23 -23 -24
30  -17 -17 -19 -21 -21 -23 -16 -18  -20 -22 -22 -17 -17 -15 -15 -14  -15 -13 -13 -14 -17 -17 -11 -10

 1   -9 -12 -13  -9  -9 -11 -11 -12   -9 -11 -11  -8  -6  -6  -3  -1   -3  -3  -7 -12 -23 -26 -27 -24
 2  -19 -17 -15 -13 -14 -12 -11  -4   -9 -13 -11 -16 -18 -15 -13 -12  -11  -7 -12 -18 -22 -20 -20 -21
 3  -24 -22 -17 -13 -13 -15 -14  -9   -9 -10  -6   0   0  -3  -2  -2    1   4   2   0   7  11   6  -8
 4  -10  -5  -8 -10 -16 -13 -14 -12  -10  -9 -15 -21 -15 -15 -15 -20  -16 -15 -14 -16 -16 -17 -17 -15
 5  -21 -22 -19 -15 -14 -21 -24 -18  -16 -15 -11  -4  -2  -6  -4  -9  -17 -21 -22 -22 -19 -12 -15 -12

 6  -10  -7 -10  -8  -7  -5  -5  -4   -5  -7  -6  -6  -2  13  15   3   -1  -6  -7  -6  -8 -11 -11 -14
 7  -16 -19 -18 -12 -12 -13 -16 -25  -26 -26 -17 -14 -14 -19 -21 -15  -15 -12 -10 -13 -15 -18 -13 -11
 8  -12 -14 -12  -9  -8  -7  -9  -8   -8 -10 -10 -11 -14 -14 -17 -15  -12 -12 -11 -13 -12 -10  -8  -8
 9   -7  -6  -4  -3  -4  -5  -7  -8   -5  -3  -1  -1   0   4   6   2    1   3   2   9  12  14  11   8
10    8   6   6   4   3   4   8  12   10  10  13  14  16  17  19  21   20  23  22  18  15   9   8   5

11    3   0  -5 -10 -17 -21 -24 -34  -44 -47 -55 -51 -44 -44 -41 -40  -49 -56 -60 -60 -63 -62 -58 -63
12  -71 -77 -65 -68 -93-105 -91 -78  -76 -70 -67 -59 -52 -55 -51 -53  -52 -48 -51 -53 -49 -48 -47 -42
13  -39 -42 -37 -31 -31 -32 -27 -27  -30 -31 -29 -27 -30 -31 -31 -32  -34 -31 -35 -40 -37 -34 -34 -28
14  -28 -29 -28 -28 -23 -24 -29 -24  -24 -24 -21 -12  -4  -7 -10 -13  -18 -14 -11 -21 -33 -25 -12  -9
15  -15 -30 -25 -34 -41 -45 -38 -31  -28 -24 -26 -33 -32 -30 -28 -29  -25 -21 -19 -20 -25 -31 -35 -30

16  -18 -18 -19 -15 -24 -40 -49 -42  -48 -70 -82 -85 -84 -90 -86 -87  -80 -75 -69 -67 -63 -59 -54 -47
17  -45 -52 -52 -44 -40 -40 -39 -37  -32 -30 -27 -25 -19 -24 -32 -29  -24 -22 -29 -31 -33 -30 -32 -33
18  -30 -26 -27 -31 -34 -30 -27 -25  -25 -22 -17 -17 -16 -13 -13 -15  -12 -12 -16 -15 -20 -19 -20 -38
19  -50 -45 -29 -25 -28 -26 -20 -15  -21 -24 -21 -15  -9 -18 -18 -15  -11  -8 -20 -27 -28 -29 -35 -43
20  -34 -30 -36 -33 -34 -30 -33 -32  -30 -28 -25 -25 -27 -25 -24 -24  -24 -20 -20 -22 -23 -22 -25 -33

21  -32 -28 -25 -24 -26 -24 -19 -19  -21 -19 -19 -20 -21 -22 -23 -24  -23 -22 -22 -23 -25 -24 -22 -16
22  -14 -14 -16 -14 -10  -9 -10  -8   -9 -12 -12 -10 -11 -10 -12 -11  -13 -16 -17 -14 -14 -13 -12  -7
23   -4  -2  -4  -6  -3  -5  -2   0   -2  -3  -3   0   2   3   3   4   -3  -6  -7  -4 -10 -20 -26 -21
24  -13   1   5   4   2   3   5   5    6   4   6   6   8   8   6   7    6   3   0   0  -2 -14 -22 -16
25   -8  -4   1   3   1  -4 -11 -16  -16 -17 -17 -16 -16  -8  -6  -6   -8  -8  -6  -7  -6  -8  -7  -3

26   -4  -4   6  12   7   4   0   4   -6 -13 -10   2   6   5  13  10   15   5  -9 -31 -49 -41 -34 -39
27  -42 -35 -36 -43 -39 -37 -48 -57  -53 -43 -40 -31 -28 -26 -31 -30  -27 -24 -30 -31 -33 -31 -33 -29
28  -20 -10  -2  -4  -8  -8 -10  -8   -7  -2  -7 -12  -9  -4  -6 -16  -19 -21 -17 -19 -22 -19 -14 -11
29   -6  -3  -3 -13 -19 -23 -23 -18  -18 -14 -21 -15 -11  -9  -8 -19  -21 -26 -32 -41 -35 -31 -40 -54
30  -45 -29 -23 -25 -23 -24 -19 -21  -29 -28 -22 -23 -18 -19 -22 -25  -23 -24 -28 -26 -34 -41 -39 -31

31  -30 -20 -14 -10 -16 -27 -29 -23  -21 -29 -40 -37 -26 -29 -37 -36  -36 -29 -28 -32 -34 -40 -40 -39

 1  -40 -45 -38 -32 -36 -41 -47 -39  -32 -25 -27 -28 -30 -27 -25 -27  -29 -32 -30 -31 -29 -31 -34 -32
 2  -32 -32 -20 -15 -15 -14 -15 -22  -18 -15 -17 -17 -16 -23 -30 -32  -33 -28 -26 -25 -31 -31 -32 -27
 3  -16 -14 -13 -16 -19 -19 -17 -21  -17 -14 -17 -23 -24 -19 -17 -18  -19 -23 -27 -26 -29 -25 -25 -22
 4  -15 -11  -7  -6  -9 -10  -8  -6   -8  -9  -6  -4  -4  -5  -7 -10  -13 -12  -9 -10  -2  -3   7   8
 5    7   3   5   6   6   7  10   8    8  12  12  11  11  11  10  11   14  12   4   1   1   2   3  -5

 6  -17 -35 -58 -57 -51 -53 -60 -45  -45 -50 -50 -49 -47 -44 -42 -40  -38 -36 -34 -36 -34 -31 -29 -27
 7  -21 -15 -12 -11 -10  -9  -7  -7   -7  -4  -3  -9 -11 -16 -15 -11   -9 -22 -26 -50 -49 -61 -45 -40
 8  -36 -37 -43 -37 -32 -41 -34 -36  -40 -37 -34 -29 -24 -23 -19 -23  -23 -30 -29 -29 -31 -31 -32 -28
 9  -18  -8  -3  -8 -11 -12 -12 -15  -17 -22 -16 -12 -16 -17 -14 -14  -14 -17 -19 -21 -27 -28 -27 -25
10  -24 -24 -28 -23 -18 -17 -16 -15  -16 -13 -13 -12 -14 -17 -20 -24  -24 -22 -24 -24 -24 -24 -21 -19

11  -12  -4   0  -2  -2   1   1  -2   -4  -8  -8  -7  -8  -6  -8  -9  -10 -12 -14 -11 -17 -25 -27 -23
12  -16  -7  -5 -10 -12 -11 -16 -14  -18 -18 -17 -17 -24 -21 -21 -24  -23 -21 -19 -21 -22 -22 -22 -19
13  -12  -2   3   0  -6  -6  -6  -8  -14 -18 -17 -13 -12 -18 -15 -15  -15 -13 -12 -10 -12 -10 -12  -9
14   -5   1   2  -1   2   0  -4  -9  -11 -12  -9 -12 -12 -11  -6  -7  -10 -10 -11 -12 -13 -18 -18 -19
15  -16  -7  -2  -2  -2   0   0  -1   -2  -1   2   0  -3   1   3  -3   -7  -6  -8  -9  -7 -10  -9 -11

16  -10  -6   1  -1  -2   0   2  -3    0  -2  -5  -3  -6  -8  -6 -10  -10  -7  -4  -3  -1  -6  -9  -6
17    1   8  10   7   7   8   9  10   11  11  12  14  13  14  27  25   18  16   1 -26 -31 -44 -52 -63
18  -52 -27 -42 -49 -53 -71 -97-106 -119-109-125-106-121-134-139-148 -138-137-137-141-140-135-129-129
19 -116-104-101 -95 -85 -76 -58 -65  -64 -59 -52 -50 -46 -49 -47 -46  -44 -33 -37 -39 -33 -41 -47 -45
20  -43 -33 -27 -27 -36 -43 -42 -33  -38 -40 -36 -32 -29 -22 -19 -20  -24 -24 -18 -20 -25 -25 -26 -24

21  -32 -25 -14 -17 -20 -48 -62 -55  -50 -46 -51 -45 -46 -48 -45 -46  -57 -58 -62 -65 -59 -58 -59 -68
22  -59 -60 -50 -45 -41 -49 -46 -46  -42 -40 -47 -51 -46 -49 -56 -60  -55 -45 -43 -39 -45 -46 -52 -46
23  -39 -31 -30 -31 -30 -31 -32 -40  -50 -47 -45 -44 -45 -50 -51 -49  -43 -38 -37 -32 -30 -33 -36 -29
24  -31 -31 -27 -28 -32 -34 -34 -37  -37 -35 -34 -35 -37 -41 -39 -35  -31 -29 -34 -37 -36 -39 -37 -32
25  -31 -37 -35 -32 -36 -44 -41 -43  -47 -43 -36 -37 -37 -33 -30 -34  -33 -32 -25 -25 -26 -29 -29 -29

26  -25 -23 -19 -18 -17 -19 -18 -16  -14 -14 -15 -14 -22 -27 -26 -25  -27 -24 -22 -20 -25 -30 -33 -29
27  -27 -23 -18 -16 -17 -20 -23 -26  -28 -23 -21 -23 -23 -24 -23 -22  -21 -21 -18 -16 -24 -23 -23 -20
28  -21 -22 -26 -28 -34 -31 -25 -20  -19 -27 -20 -18 -27 -21 -17 -18  -14  -6  -4  -8  -9 -10 -15 -16
29   -9  -2  -3  -5  -5  -8  -9  -5   -3  -6  -9 -12 -12  -7 -10  -9  -11  -9 -13 -15  -9 -10  -9  -9
30  -14 -18 -21 -30 -30 -27 -21 -16  -15 -12 -10 -10  -8  -8  -8  -8  -10 -13 -17 -15 -14 -14 -13 -14

31   -8  -4  -5  -5 -10 -16 -13  -8   -7  -8 -10 -11 -11  -8  -4  -5   -5  -4  -4  -7  -5  -4  -3   0

 1    0   4   8  14  17  11   4 -13  -22 -13  -8 -11 -11  -8  -4  -4   -5  -8  -8 -10 -14 -12  -5   0
 2    4   4   1  -1  -2  -2  -1   2    3   4  -1  -5  -7 -10  -9 -10   -6  -4  -3  -3  -1  -1  -4  -2
 3   -1   2   6   4  -8  -8   2   5    2  -5  -6 -10  -4  -3  -2  -6   -3  -2  -2   5   1  -4  -4  -3
 4   -3   1   0  -3 -19 -25 -15 -18  -26 -35 -23 -13  -5  -6  -5  -1   -5  -7  -6  -8 -13 -24 -26 -25
 5  -17 -11 -12 -19 -22 -19 -16 -17  -19 -18 -16 -16 -11 -10 -11 -14  -11 -10  -4  -3  -1  -4  -8  -7

 6   -4  -1  -1  -7 -11 -13 -11 -10   -8  -9  -6  -9  -5  -2  -1  -2   -4  -2   0  -2  -3  -4  -2  -2
 7   -5  -4  -4  -6  -7  -5  -3  -4   -3  -4  -4  -2  -2  -3  -3  -2   -2  -2   0   0   1   1  -1   1
 8    5   7   8   7   4   1  -1   0    4   9  11  15  14  19  18  18   16  13   5   3   4   4   4  -2
 9    4  10  11  10  10   6   5   3    9  13  -4  -3   3   3   6   2    3   6   7  -5 -21 -30 -34 -37
10  -42 -33 -22 -22 -24 -26 -25 -20  -18 -20 -28 -22 -17 -10 -12 -12  -10 -11 -17 -21 -26 -27 -26 -22

11  -19 -15 -12 -16 -17 -15 -12 -11   -9  -9  -7  -5  -6  -2   3   3    1  -4  -3  -2  -6 -11 -10 -11
12  -13  -9  -5  -6  -8 -12 -13 -12  -12  -9 -13 -14 -10  -3  -1   1   -1   0   3   2  -4  -3  -4  -5
13   -4  -3  -5  -4  -6 -10 -10 -12  -10  -8  -8 -11  -9  -6  -2   0   -1  -2   2   1  -3  -5  -4  -3
14   -2  -1   4   6   2   1  -1   0    3   2   0   0   5   5   5   3    0  -1   1   3   4  -1  -5  -5
15   -3  -1   0   3   3   3   1   1    1   1   0   2   6  11  15  17   18  18  19  31  37  26  17  15

16    8  -9 -18 -23 -29 -39 -43 -45  -44 -37 -41 -48 -46 -46 -34 -32  -29 -34 -35 -26 -23 -23 -20 -20
17  -23 -25 -32 -37 -35 -38 -52 -47  -46 -33 -29 -44 -57 -48 -50 -46  -47 -51 -46 -45 -45 -42 -48 -65
18  -54 -49 -48 -48 -51 -52 -48 -48  -41 -32 -32 -27 -32 -27 -27 -37  -41 -39 -41 -40 -51 -48 -44 -38
19  -37 -41 -37 -37 -40 -47 -51 -53  -50 -49 -47 -40 -39 -45 -41 -39  -36 -37 -35 -27 -26 -29 -31 -28
20  -28 -33 -35 -35 -33 -37 -45 -46  -40 -44 -34 -33 -35 -35 -33 -28  -30 -30 -29 -27 -27 -26 -25 -20

21  -20 -22 -23 -22 -26 -30 -35 -34  -32 -30 -35 -34 -28 -28 -36 -42  -41 -32 -28 -24 -25 -25 -23 -21
22  -18 -22 -26 -31 -32 -31 -31 -37  -33 -25 -25 -29 -28 -26 -24 -24  -24 -23 -24 -25 -19 -15 -13 -12
23  -11 -14 -18 -25 -32 -30 -23 -22  -22 -29 -31 -29 -20 -17 -17 -16  -14 -15 -15 -18 -12  -6   0  -3
24  -11 -27 -31 -31 -46 -47 -48 -59  -54 -47 -41 -33 -38 -40 -33 -28  -36 -37 -39 -33 -31 -33 -30 -32
25  -31 -37 -40 -40 -37 -42 -51 -44  -34 -38 -38 -33 -35 -36 -31 -28  -25 -31 -35 -34 -36 -37 -29 -26

26  -23 -25 -22 -19 -18 -24 -26 -27  -28 -24 -23 -18 -18 -17 -21 -22  -22 -26 -27 -23 -21 -17 -18 -18
27  -19 -28 -29 -25 -21 -18 -20 -18  -15 -13 -12 -15 -17 -14 -11  -9   -7  -7  -6  -7  -7  -7  -2  -3
28   -7 -10 -13 -15 -12  -9  -5  -1    2   3   2  -1  -5  -7  -8  -8   -6  -5  -7  -7  -7  -7  -6  -7
29   -8  -7  -7  -7  -5  -3  -3  -2   -1  -1  -2  -4  -4  -3  -1   2    4   4   3   1  -1   0   3   6
30    6   5   5   5   8  12  12   8    5   3   3   3   2  -3  -9 -10  -11  -6  -7  -6  -7  -4  -2  -5

 1  -11 -12 -12 -13 -13 -10 -14 -17  -13  -8  -2   1   3   2   1   4    6  10  16  19   6 -14 -38 -36
 2  -24 -21 -23 -23 -21 -19 -16 -15   -9  -8  -8  -7  -4  -2  -1   0   -4  -1   1  -3 -12 -12  -7  -5
 3  -14 -24 -29 -27 -27 -33 -28 -23  -24 -26 -24 -18 -13 -15 -15 -14  -12 -15 -16  -9  -5  -4  -5  -1
 4   -2  -7  -8  -8  -7  -9 -12  -8   -5  -6  -6  -5  -5  -4  -2  -1    0   1   0   0   0   1   0   1
 5   -1  -4  -4  -4  -3  -1   1   2    4   6   7   8   5   1   3   7    9  19  24  31  25  15   1  -1

 6    2   0   0  -1   0   3   8  11   10  15  16  19  20  16   8   7    6   8   5   5  -4  -4  -2  -1
 7  -15 -15 -20 -17 -12  -8  -5  -8  -11  -7  -9  -7  -5  -5  -9 -10   -8  -7  -5  -3  -6  -9  -7  -5
 8   -5  -2  -2  -3  -3   2   4   6    5   1   0   2   1   1   1   0    0   3   4   1  -1  -2   2   1
 9   -6 -12 -10  -6  -5  -3  -2   0    1   1   0   1  -1  -2  -3  -1    1   3  -1  -4  -4   2   4   3
10    3   2   0   1   1   3   5   4    4   6   7   5   1  -1  -1   0    1   3   3   3   2   0  -3  -5

11   -6  -4   1   4   4   3   2   2    2   5   6   4   4   4   3   3    2   2   3   4   4   5   6   5
12    2   3   6   6   6   9  11   8    6   6   5   5   9  12  12  10   11   8  10   8   4   3   3   7
13    8  13  10   7   5   8   8   8   18  20  18  17  21  18   9  -7  -18 -14  -8   1 -11 -31 -25 -21
14  -22 -18 -17 -17 -19 -29 -35 -39  -38 -30 -37 -52 -52 -38 -28 -17  -22 -28 -44 -28 -28 -66 -85 -77
15  -67 -66 -66 -64 -60 -68 -77 -63  -58 -54 -52 -51 -50 -48 -57 -58  -60 -52 -47 -39 -44 -44 -42 -45

16  -40 -44 -51 -46 -38 -38 -38 -41  -42 -42 -42 -36 -34 -37 -39 -41  -39 -37 -29 -33 -30 -26 -24 -33
17  -36 -33 -31 -29 -39 -51 -53 -53  -45 -44 -45 -38 -36 -35 -39 -39  -36 -31 -28 -34 -31 -25 -23 -20
18  -17 -20 -18 -23 -27 -31 -42 -49  -37 -32 -31 -34 -37 -33 -28 -30  -32 -33 -37 -37 -30 -25 -26 -22
19  -21 -26 -28 -26 -27 -37 -39 -42  -37 -32 -35 -38 -40 -39 -45 -40  -40 -49 -54 -48 -53 -46 -41 -46
20  -49 -44 -40 -40 -40 -35 -29 -31  -40 -44 -45 -37 -34 -42 -43 -40  -35 -27 -23 -24 -34 -57 -50 -41

21  -40 -49 -52 -48 -43 -39 -37 -45  -40 -36 -29 -40 -43 -42 -41 -42  -54 -53 -57 -50 -51 -60 -54 -46
22  -46 -47 -49 -56 -51 -51 -61 -50  -51 -48 -36 -22 -24 -24 -15 -20  -33 -33 -34 -32 -30 -28 -24 -24
23  -16 -13 -20 -18 -17 -18 -19 -21  -18 -19 -18 -17 -19 -15 -14 -14  -12 -11 -12 -11 -11  -9 -10 -10
24  -10  -8  -8  -7  -7  -9 -12 -13  -15 -15 -20 -24 -37 -43 -44 -30  -26  -9   5 -26 -34 -22 -18 -36
25  -29 -19   0  -3 -11 -10 -13 -19  -20 -18 -21 -20 -26 -27 -41 -49  -43 -30 -33 -38 -41 -39 -33 -32

26  -31 -33 -32 -29 -27 -25 -24 -24  -19 -11  -4  -4  -4  -4  -6  -6   -5  -5  -7  -8 -15 -18 -29 -33
27  -43 -49 -47 -49 -52 -52 -50 -46  -48 -51 -49 -41 -36 -35 -34 -34  -30 -30 -30 -27 -27 -27 -25 -24
28  -24 -24 -14 -18  -4  -1  -1  -5  -14 -32 -32 -24 -20 -16  -8  -4   -4  -9 -16 -18 -19 -22 -14 -20
29  -34 -42 -32 -25 -28 -30 -10-105 -130-151-151-147-111 -79 -99-107 -124-126-169-213-253-268-281-350
30 -353-341-335-303-273-244-220-203 -192-178-164-155-156-148-138-129 -111 -97-111-142-240-316-383-371

31 -307-246-244-241-196-131-106-113 -113-109-113 -55 -77 -80 -88 -80  -76 -68 -70 -66 -63 -52 -55 -66

 1  -69 -69 -61 -62 -61 -62 -56 -48  -47 -44 -41 -38 -43 -46 -46 -39  -35 -31 -28 -32 -36 -33 -31 -37
 2  -41 -40 -31 -23 -27 -30 -26 -23  -23 -22 -27 -31 -25 -25 -28 -29  -28 -23 -23 -21 -23 -22 -26 -32
 3  -36 -38 -32 -26 -26 -28 -21 -18  -17 -14  -7  -5  -7  -9  -6  -4   -2  -3  -2  -4  -5  -6  -6 -11
 4  -20 -15 -12 -12 -14 -15  14  10    6 -15 -69 -63 -55 -58 -61 -59  -55 -50 -45 -41 -39 -36 -39 -42
 5  -41 -36 -31 -31 -31 -30 -27 -24  -25 -28 -29 -28 -27 -25 -22 -19  -17 -16 -17 -12 -17 -18 -17 -22

 6  -24 -24 -21 -21 -25 -25 -20 -17  -16 -14 -15 -13 -12 -11  -7  -5  -10 -10  -9  -1   5  -9 -21 -18
 7  -16 -20 -15 -10 -14 -15 -14 -12  -11 -15 -13 -11  -8  -8  -7  -7   -6  -4  -3  -4  -4  -3  -1  -3
 8   -5  -3   3   5   4   3   3   4    5   5   6   5  11  15  21  12    7   4   5  -5  -5   2   1   2
 9    2   2   5   3   3  -1  -3  -7  -11 -14 -13  -5  -3 -15 -31 -25  -21 -22 -26 -33 -33 -26 -24 -25
10  -23 -16 -13 -21 -18 -20 -20 -13  -11 -13 -17 -16 -18 -19 -25 -25  -20 -16 -29 -36 -32 -29 -30 -37

11  -48 -40 -28 -30 -42 -46 -43 -39  -37 -47 -50 -38 -55 -62 -59 -54  -52 -51 -51 -52 -49 -48 -54 -46
12  -47 -38 -39 -35 -35 -32 -33 -34  -39 -29 -29 -30 -30 -28 -26 -28  -36 -29 -33 -35 -31 -30 -27 -27
13  -29 -29 -25 -18 -23 -31 -31 -26  -33 -36 -25 -14 -18 -31 -32 -36  -44 -52 -46 -59 -59 -55 -47 -55
14  -51 -38 -37 -35 -44 -52 -55 -42  -35 -39 -38 -28 -35 -39 -32 -27  -25 -25 -30 -41 -37 -35 -28 -28
15  -26 -18 -19 -19 -25 -26 -17 -37  -34 -46 -39 -37 -50 -48 -46 -43  -49 -43 -43 -44 -40 -40 -42 -34

16  -31 -31 -29 -25 -32 -33 -32 -37  -48 -49 -34 -29 -31 -29 -38 -32  -28 -35 -40 -36 -33 -36 -37 -32
17  -27 -33 -31 -35 -42 -44 -48 -43  -41 -39 -34 -25 -25 -26 -36 -42  -41 -40 -32 -25 -29 -29 -36 -36
18  -27 -22 -21 -29 -31 -30 -30 -27  -28 -26 -20 -23 -27 -28 -31 -27  -26 -29 -22 -22 -20 -16 -15 -17
19  -15 -18 -18 -18 -22 -27 -26 -26  -25 -21 -17 -16 -17 -21 -18 -17  -14 -16 -11  -6  -6  -3  -2  -4
20   -4  -6  -5  -7 -15 -26 -32 -34  -17 -38 -68 -58 -49-102-162-171 -229-329-396-413-422-422-405-343

21 -309-256-230-194-191-185-156-162 -162-141-130-122-118-117-110-104 -105-104 -92 -86 -83 -76 -69 -63
22  -60 -71 -79 -74 -68 -70 -74 -69  -65 -59 -50 -44 -42 -40 -43 -54  -63 -64 -72 -85 -86 -83 -87 -86
23  -79 -69 -65 -73 -74 -74 -66 -70  -71 -66 -59 -51 -46 -49 -41 -38  -35 -33 -35 -38 -46 -47 -41 -36
24  -32 -33 -30 -29 -29 -30 -30 -29  -27 -29 -28 -28 -26 -27 -27 -26  -23 -27 -28 -26 -31 -32 -33 -28
25  -27 -27 -27 -25 -28 -35 -33 -28  -26 -31 -26 -23 -22 -21 -20 -23  -24 -25 -23 -17 -14 -12 -14 -19

26  -19 -21 -23 -23 -22 -21 -23 -24  -20 -19 -17 -12 -12 -20 -20 -16  -22 -22 -19 -17 -13 -12 -15 -15
27  -14 -13 -16 -17 -14 -14 -13 -12  -10  -9  -5  -4  -5 -11 -12 -10  -10  -9  -7  -7 -10  -7  -4  -1
28   -1  -6  -7 -10  -9  -7  -7  -9   -9  -7  -3  -3  -7 -10 -11  -8   -6  -8 -10  -6  -4  -4  -2  -2
29   -1  -6 -13 -11  -9  -7  -7  -9  -12 -11 -11  -9  -7  -8  -7  -4   -5  -4  -5  -3   0   1  -1   2
30    1   0  -4   1  12  16  19  22   23  19  15  16  14   7  -3  -3   -9 -23 -30 -34 -39 -38 -33 -27

 1  -26 -28 -25 -27 -29 -25 -24 -21  -21 -19 -15 -10 -12 -16 -15 -13  -13 -12 -14 -14 -13 -12  -8 -13
 2  -15 -11  -9 -12 -14 -17 -12  -4    0  -4  -3  -2  -3  -1  -2   0    2   0  -2  -2  -2  -3  -3  -1
 3    1   0   1   2   1  -2  -4  -3    0   1   2   5   4   3   3   4    3   2  -2  -1  -1  -2  -2  -1
 4    0  -4  -2   2   3   3   3   0    0   0   1   6   9   9   7  10   12  12  10  10  10  12  14   9
 5   11  12  17  11 -11 -30 -34 -37  -38 -36 -42 -49 -39 -31 -35 -42  -45 -44 -40 -47 -42 -36 -36 -30

 6  -36 -35 -41 -52 -55 -50 -46 -48  -43 -41 -34 -20 -18 -27 -30 -31  -33 -29 -24 -24 -21 -21 -22 -23
 7  -29 -32 -32 -32 -32 -28 -26 -24  -22 -15 -12 -11 -15 -18  -3 -10  -12  -9 -23 -38 -29 -23 -26 -25
 8  -24 -22 -19 -19 -18 -21 -24 -30  -26 -29 -37 -30 -37 -33 -31 -28  -33 -42 -39 -37 -39 -54 -49 -50
 9  -53 -49 -43 -40 -41 -40 -36 -30  -30 -20 -21 -24 -28 -25 -26 -25  -22 -21 -30 -30 -27 -28 -24 -24
10  -26 -28 -33 -30 -23 -18 -18 -24  -22 -10 -23 -29 -29 -24 -23 -30  -25 -37 -47 -51 -42 -42 -50 -42

11  -35 -31 -31 -26 -33 -30 -39 -31  -24 -22 -20 -14 -11 -16 -20 -22  -21 -21 -21 -23 -22 -21 -28 -24
12  -25 -21 -19 -19 -19 -25 -25 -24  -24 -21 -22 -15 -10 -12 -13  -8  -11 -19 -16 -12 -13 -14 -12 -20
13  -22 -25 -26 -24 -22 -26 -29 -25  -20 -20 -18 -22 -19 -18 -13 -18  -27 -22 -22 -24 -18 -17 -22 -23
14  -19 -18 -19 -23 -24 -23 -18 -17  -17 -14 -19 -22 -17 -23 -17 -14  -16 -23 -36 -36 -29 -28 -31 -32
15  -29 -30 -35 -27 -28 -31 -29 -25  -25 -23 -24 -20 -25 -29 -30 -31  -29 -29 -23 -20 -19 -16 -16 -16

16  -16 -18 -19 -19 -14 -12 -10 -10  -14 -14 -15  -9 -11 -15 -17 -19  -18 -21 -20 -16 -14 -14 -16 -16
17  -14 -14 -13 -11 -15 -14  -7  -6   -2   1   1   6   4  -1  -6  -4   -3  -4  -3  -3  -3  -3  -2  -2
18   -1  -2  -2  -4  -5  -6  -4   1    4   4   2   7   6   6   3   2    6   6   3   2   2   4   2   1
19    2   4   3   2   4   6   5   2    3   3   6   9   6   2   4   5    4   6   7   9   9  12  14  14
20   14  17  22  25  24  31  41  42   39  36  21   4   7   6   1  -4   -4 -15 -10  -8 -10 -15 -21 -15

21   -8 -17 -19 -20 -20 -17 -17 -16  -22 -15 -17  -8  -5  -5  -6 -12  -25 -23 -15 -10  -9  -3  -1  -4
22   -4  -6  -6  -9 -12 -13 -15 -10  -12 -14 -10  -6  -5  -4  -7 -10  -14 -18 -11 -13 -10  -8  -4  -7
23   -6  -7  -8 -11  -9  -7  -6  -5   -2  -5  -6  -8  -6  -6 -10 -20  -18 -12  -9  -5  -3  -1   0  -1
24   -3  -5  -7  -8  -6   0   2   0   -1   1   5   8   7   5   5   5    1  -1  -2   0   1   1  -3  -5
25   -6  -1  -1  -3  -1   3   4   0   -1  -1  -1  -2  -2   5   6   8    7   8  10   9   8  11  13  12

26    9   8   7   4   5   1   4   6    5   0  -4  -8  -9  -5   0   2    2   2   4   5   3   8   9   5
27    7  11  12   6  -1   4  10   7    2  -3   4   4   5   6   5   0    0   5   6   2   0 -12 -19 -33
28  -30 -21 -16 -18 -19 -16  -9  -9  -14 -18 -24 -19 -15 -15 -10  -9   -8  -9 -11 -11 -11  -9 -10  -5
29   -1   1   5   6   8   9   9   7    2   3  -3 -10  -8  -8  -7 -10  -14 -11  -8  -6  -8 -11 -12 -10
30   -9  -6  -5  -5  -4  -2   0  -3   -4  -3  -3  -2  -3  -4  -5  -5   -3  -1  -7 -15 -20 -17 -10  -4

31    1   6  10  13  16  19  21  14    8   7   5  -7 -17  -8  -6  -4   -6  -7 -13 -10 -15  -9 -16 -17

