 1  -19 -12 -12 -12 -14 -10 -10 -10   -7  -6   0   3   5   3  16  21   20  21  21  21  19  14  11   9
 2    9  -1  -1  -2  15  18   9  -3  -15 -17 -14  -7  -3  -1   1   0    2   1   0  -3   1   8   7   0
 3    0   1  -1  -3  -1   0   1   0    0  -1  -1   1  -1  -6  -6  -5   -5  -3  -2  -4  -7 -10 -14 -14
 4  -14 -12  -9  -7  -6  -5  -2  -1    0   2   1  -1   0  -2  -4  -3   -2  -2  -2   0   3   3   3   0
 5    1   1   2   3   4   3   3   3    2   0  -2  -2   3   4   2   2    5   8   6   3   0  -1  -4  -6

 6   -9 -10 -10 -11 -11 -10 -12 -11  -11  -9  -7  -8 -12 -13  -9  -9  -17 -17 -12 -12 -14 -16 -13 -11
 7  -11 -10  -9  -7  -4  -4  -5  -6   -5  -4  -7  -4  -4  -6 -11 -11   -5  -1   0  -1  -5  -7  -9  -9
 8   -9  -8  -7  -6  -6  -6  -8 -10  -11  -9 -11  -7  -8 -13 -11  -9   -7  -7  -8  -8  -9  -9  -9  -9
 9   -9 -10  -9  -7  -6  -5  -4  -4   -6  -7  -8  -6  -1   3   5   3    0   0   1   3   3   1   1   1
10    1   3   5   6   5   4   5   6    8   9  11  12   7   4   5   0   -1   0   0  -2  -5  -5  -5  -6

11   -7  -6  -3   0   1   3   2   3    3   4  11  14  11   7   6   4    5   8  10   8   4   4   7   5
12    5   9  12   9  10  11   6   3   -1  -2  -2   5   9  11  11  11   13  14  14   4  -4  -4  -6  -7
13   -5  -2   1   1   1   0   0   1    3   2   8  10   8   6   9   9    5   8   4   3   2  -1   0  -1
14   -3  -5  -7  -7  -4   0   2   6    5   5   5   7  11  10  11  13   15  15  13  10  10   7   5   9
15   10   7   2  -2  -4  -3   0  -1   -6  -5  -3   1   1   2   7  14   15  11   4   2   6  12  12  10

16   10  14  14  16  14  12   8   0   -7 -10 -11  -5   2   0 -14 -17  -15 -17 -16 -11  -6  -6  -7  -9
17  -13 -11 -11 -11  -9 -11 -12 -15  -20 -19 -14  -8  -2   1  -2  -3   -1   3   4   3   0  -1   0  -3
18   -5  -6  -5  -6  -6  -3  -6  -7   -9 -10 -10  -6  -2   0   1  -3   -5  -6  -6  -5  -5  -6  -7  -9
19  -13 -11  -7  -3  -1  -1  -5  -6   -7  -8  -9  -8  -5  -3   3   4    3   2  -2  -7  -7 -10  -9  -7
20   -9 -11  -8  -4  -2  -2  -1  -2   -4  -3   1   1   0  -1   2   4    1  -4  -5  -4  -2   2  -1  -2

21   -4  -7  -8  -8  -3   1   2   2   -1  -4  -4  -7 -12 -17 -13  -6   -2   0  -1  -3  -4  -4  -4  -3
22   -4  -3  -2   1   1  -1  -1   0    0  -1  -4  -2  -1  -2   0   0   -2   2   4   5   2   5   6   8
23    5   5  13  10  -5 -13  -5  -4   -3 -15 -19 -21 -14 -17 -20 -11  -10  -7  -2  -8 -11 -14 -18 -18
24  -15 -18 -19 -16 -16 -15 -12 -13   -9  -5   1   2  -1  -4  -6  -4   -2  -2  -1  -2  -2   2   6   9
25    9   3   0   1   3   2   3   1    1   1   2   1   3   5   8   8    2   0   1  -6 -10 -15 -19 -28

26  -35 -43 -49 -51 -49 -35 -26 -24  -30 -27 -19 -11 -10 -12 -14 -11  -10 -16 -10  -8 -14 -23 -32 -26
27  -22 -25 -27 -28 -26 -26 -29 -28  -25 -23 -19 -12 -12 -12 -11  -9  -10 -12 -12 -12 -14 -11 -10 -10
28  -10 -12 -14 -18 -17 -14 -15 -16  -15 -15 -18 -19 -18 -18 -14  -9   -7  -8 -11 -12 -14 -15 -11 -10
29  -12 -13 -14 -14 -13 -13 -11 -11  -11 -10  -7  -7  -6  -6  -7  -6   -7  -7  -5  -5  -6  -7  -7  -6
30   -4  -5  -6  -7  -6  -6  -6  -6   -6  -8 -11 -12 -11  -8  -7  -6   -5  -5  -3  -1  -1   0   1   1

31    1   0   0  -1  -1   0   1   1    1   3   4   5   2   0   0   2    3   3   4   4   6   9  10  10

 1   12  12  10   8   7   8   5   0   -3  -7 -12 -13 -10 -11  -9  -3    0   2   2   3   3   4   0  -7
 2   -8  -6  -9 -11 -11  -9  -4   1    3   0  -9 -14 -11  -8  -2   3    4   1  -2  -7 -12 -11  -9  -7
 3   -7  -6  -6  -7  -7  -6  -2   1   -2  -2  -4  -8  -9  -7  -2   2    4  -3  -4  -6  -4   1   2  -2
 4   -9 -16 -16 -16 -13 -12 -11  -6   -4  -2  -3 -11 -13 -14 -11  -6   -2   0   1   2   3   3   4  -1
 5   -6  -9 -10  -7  -5  -3  -2  -1    0   4   8   8   6   5   7  11   12  16  19  23  16  15  12   8

 6    5   8   7  -3  -5  -5 -11 -15  -12 -15 -16 -20 -22 -20 -16 -16  -15 -16 -19 -20 -22 -23 -22 -17
 7  -14 -13 -16 -16 -13 -15 -16 -12   -7  -4  -4  -7 -10  -9  -8  -7   -6  -6  -8  -9 -10  -7  -6  -3
 8   -1  -4  -4  -6  -8  -8  -7  -3    1   4   4   1   0  -2  -4  -6   -6  -3   2   7   7   8   9   8
 9    5   3   3   2   1   2   3   5    6   6   7   6   5   8   9   7    6   5   4   4   3   6   7   8
10    7   7   9   7   3   5   4   5    5   4   4   5   8   9  10  11   12  16  20  13   9   7   9  15

11   16  12   6   1  -2  -4  -6  -3   -1  -1  -5   1   7   5   6   6    2  -2   0   2   3   4   6   6
12    8   9   3  -8  -7  -4  -3  -2   -1  -1  -3  -4  -5  -8  -8  -7   -6  -8  -8  -7  -6  -5  -5  -3
13   -2  -3  -4  -4  -4  -4  -1  -1    0   2   1   0  -1  -3  -6  -6   -6  -3  -1  -2  -1  -1   0   3
14    4   8   7   6   4   3   4   4    5   5   5   4   8  10   8   7    7   5   6   7   5   2   5   9
15   12  13  12  13  14  16  17  14    8   7   6  -1  -2  -1  -5  -5   -3   4   2   2  -2  -8  -4  -2

16   -2  -6  -9  -6  -3   0  -5  -6  -10  -7  -5   0   1  -1  -5  -4   -2  -2  -3  -9 -11  -9  -8  -9
17  -11 -11 -14 -16 -16 -13  -9  -9  -11 -11  -9  -6  -5  -6  -4  -4   -3  -1  -1   0   1  -1  -5  -9
18  -10  -5  -5  -3  -1   2   3   3    3   0  -1  -1   0   2   2   5    8   4   5   8  10  10   8   5
19    7   7   6   7   4  -8 -10  -8   -5   0  -2   0   2   3   6  10    9   3  -4  -8  -5  -7 -13 -17
20  -16 -12 -11  -7   1   2  -4 -16  -17 -17 -21 -27 -27 -22 -26 -31  -36 -34 -28 -22 -16 -19 -22 -20

21  -22 -28 -27 -20 -14 -15 -18 -16  -23 -28 -19 -18 -22 -24 -26 -23  -24 -22 -15  -9  -4  -4  -9 -14
22  -23 -26 -26 -20 -17 -14 -18 -17  -16 -12 -11 -19 -21 -19 -18 -23  -27 -26 -19 -17 -16 -17 -18 -19
23  -18 -14 -15 -17 -16 -14 -15 -20  -19 -15 -14 -12 -13 -14 -12 -10  -11 -12 -12  -9  -8  -8  -9 -11
24  -12 -10  -6 -10 -13 -11 -11 -10  -11 -12  -9 -11 -14 -21 -19 -16  -13 -12 -10  -7  -5  -6  -8  -9
25   -9  -9  -9  -8  -3  -1  -1  -5   -6  -4  -5  -3  -4  -5  -5  -3   -2  -4  -4  -2  -2  -3  -2  -2

26   -3  -1  -4  -3  -1  -3  -2   1    3   2  -1  -3  -4  -5  -9  -9  -12 -17 -16 -15 -15 -17 -20 -19
27  -16 -14 -13 -10 -10  -9  -6  -5   -5  -4  -3  -3  -4  -3  -5  -6   -6  -5  -2   3   0  -2  -6  -7
28   -6  -4  -1   4   5   3   4   3    2  -1 -10 -16 -13  -6  -3  -4   -7  -5  -4  -8  -8 -13  -8  -7

 1   -6  -8  -6  -2  -1   5   5   2    2   2  -3  -8 -10 -12  -6  -6   -6  -7  -6  -4  -6  -6  -6  -5
 2   -4  -2  -1   1   0   0   0  -2   -5  -5  -6  -4  -2   3   5   4    4   5   4   1   0   1  -2  -6
 3   -9  -7  -5  -2   1   2   3   5    3   2   1   3   2   1   1   2    2  -1   0   1   1   1   0  -2
 4   -5  -3  -3   0   1   2  -1   1    4   6   4   5   4   2   1  -1   -1   1   2   2   3   4   4   3
 5    1   2   0  -2   1   2   2   3    3   4   2   1  -3  -2   1   3    4   5   5   6   7   7   8   8

 6    6   5   5   9  14  15  16  12   10  10  12  15  15  12  12  14   15  10   5  -2 -12 -26 -28 -35
 7  -48 -52 -51 -45 -34 -28 -31 -35  -31 -23 -23 -24 -25 -23 -21 -18  -17 -17 -17 -16 -16 -14 -14 -17
 8  -20 -19 -16 -13 -13 -13 -11  -8   -6  -3   0   3   0  -1   1   3    2   3   0  -2  -5  -5  -8  -7
 9   -5  -2  -2  -2  -5  -3  -2  -1    0   2   1   3   3   3   2   4    7   8   7  -4  -5   2   4   1
10    2   5   5  10   8  -1  -2  -1   -1   4  -5  -2   7   7   7   3   -1  -6  -5   2  10   6  -4 -11

11  -24 -22 -19 -16 -16 -15 -13 -15  -12 -11 -11 -13 -11 -10  -9 -11  -15 -16 -15 -12 -15 -16 -16 -16
12  -17 -16 -13  -9  -8 -11 -13 -12  -11 -12 -13 -12 -11  -8  -5  -3   -4  -6  -5  -3  -1  -1  -1  -2
13   -4  -5  -6  -5  -3  -3  -4  -3   -3  -4  -3  -3  -7  -7  -5  -2   -3  -3  -4  -2   0   1   0  -2
14   -3  -3  -3  -2   0   2   3   5    8  11  14  14  12   6   1  -1   -2  -3  -2   0   1   6   9  13
15   14  14  10  11  17  18  14  11   13   7   1   6  10   8   4   4    1  -1  -2   1   5   3   6   7

16    6   2   1   0   0   1   2   4    3   0  -2  -3  -4  -2  -3  -4   -5  -6  -4  -5  -6  -6  -4  -2
17   -3  -6  -6  -4   0   3   1  -1   -3  -3  -3   0   1   3   5   3    7   5   6   6   5   4   0  -1
18    1   5   7  15  18  15  11   0  -24 -23 -17 -15 -11  -8 -14 -28  -31 -21 -26 -26 -36 -24 -33 -43
19  -48 -47 -45 -42 -41 -29 -40 -42  -37 -29 -26 -30 -30 -26 -25 -24  -25 -28 -26 -25 -23 -33 -41 -37
20  -35 -33 -31 -34 -34 -29 -36 -41  -34 -33 -30 -26 -23 -19 -20 -20  -22 -27 -29 -23 -26 -27 -28 -27

21  -27 -28 -30 -30 -26 -22 -17 -18  -19 -21 -17 -15 -14 -13 -17 -21  -26 -37 -34 -33 -31 -29 -26 -27
22  -25 -30 -36 -33 -27 -27 -23 -20  -19 -19 -19 -18 -19 -19 -19 -17  -17 -16 -17 -22 -25 -24 -18 -17
23  -20 -23 -23 -21 -20 -20 -18 -18  -17 -17 -17 -17 -17 -17 -15 -12  -13 -13 -13 -13 -12 -11 -10 -10
24  -11 -13 -15 -12  -9  -7  -8  -8   -6  -3  -3  -7  -4  -5  -1   1    2   1  -2  -7 -13 -15 -13 -15
25  -16 -15 -15 -11 -11 -11 -16 -15  -17 -14 -10  -9  -7 -11 -12 -12  -11 -11 -10 -10  -6  -4   0   3

26    2  -3 -10 -10  -6  -5  -4  -4   -2  -2  -1  -4  -1   5   2   0   -4 -13 -18 -15 -11  -7  -3  -9
27  -17 -29 -26 -26 -22 -20 -18 -16  -11  -9  -7  -4  -3  -5  -6 -11  -10  -7  -6  -8  -9  -9 -18 -18
28  -10  -8 -10 -11 -13 -14 -12  -9   -7  -7  -9 -10  -8  -8  -9  -9  -10 -11 -11 -10  -9  -9 -10  -7
29   -6  -8 -11 -11 -11 -14 -13 -11   -8  -4  -2   1   4   4   4   3    5   4   2  -4 -11 -16 -17 -13
30  -11 -13 -14 -10  -4  -2  -3  -3   -3  -3  -4  -4  -6  -9  -8  -5   -3  -2   0  -2  -3  -2  -4  -1

31    0  -1   0   2   4   3   3   1    0  -2   0  -2 -11 -15 -13  -9   -6  -6  -8 -11  -8  -7  -7  -7

 1   -6  -7  -6  -4  -2  -2  -2  -3   -2  -1  -3  -1   2   2   2   2    2   2   2   2   2   3   1  -2
 2    0   2   3   5   6   5   5   8    9  12  13  12  10  11  12  12   11   9   9   9   9   9   8   5
 3    6   7   9   9   8   7   7   8    9  10   8  11  11   9   9   9    9   9  11  14  17  18  16  16
 4   17  17  16  15  14  16  19  25   26  17  12   1  -5  -8 -14 -14  -22 -28 -27 -28 -25 -23 -27 -30
 5  -27 -28 -35 -43 -47 -53 -53 -52  -48 -47 -56 -74 -73 -69 -70 -79  -70 -67 -65 -56 -51 -48 -46 -40

 6  -37 -32 -30 -36 -46 -57 -58 -44  -33 -37 -40 -37 -30 -27 -27 -28  -27 -27 -26 -29 -31 -31 -28 -23
 7  -18 -18 -21 -26 -28 -28 -25 -23  -19 -16 -16 -17 -16 -14 -16 -19  -21 -21 -19 -17 -16 -14 -15 -15
 8  -14 -14 -14 -14 -14 -12 -11  -7   -2   2   0  -2  -8 -12 -10  -5   -5  -8 -12 -12  -9  -5  -9 -10
 9   -8 -16 -29 -27 -29 -46 -78 -82  -75 -68 -49 -38 -33 -34 -33 -34  -36 -31 -23 -35 -38 -53 -41 -34
10  -36 -39 -43 -51 -55 -48 -43 -42  -33 -27 -26 -27 -32 -36 -37 -39  -41 -39 -36 -36 -35 -36 -35 -31

11  -24 -22 -24 -28 -30 -27 -24 -24  -23 -19 -18 -18 -22 -24 -25 -26  -26 -24 -23 -23 -24 -23 -24 -20
12  -14 -17 -21 -21 -17 -17 -15 -12  -12 -13 -16 -17 -16 -14 -14 -13  -12 -12 -11 -13 -15 -14 -11  -9
13   -7  -3   1  -1   0   5   2  -2  -13 -18 -13 -10   4  11  17  14    3  -8  -7  -6  -1   0  -8  -3
14    0  -8 -14 -21 -48 -70 -77 -82  -82 -98 -78 -75 -75 -72 -69 -78  -81 -77 -68 -69 -74 -73 -61 -51
15  -47 -48 -55 -52 -48 -44 -43 -40  -39 -47 -39 -43 -45 -41 -46 -51  -52 -55 -51 -49 -52 -54 -55 -53

16  -49 -47 -47 -46 -44 -43 -43 -41  -41 -34 -33 -30 -31 -33 -34 -39  -39 -37 -35 -33 -34 -36 -34 -32
17  -27 -26 -30 -32 -35 -37 -34 -29  -25 -24 -24 -23 -21 -21 -23 -25  -24 -20 -17 -13 -15 -22 -27 -29
18  -35 -37 -38 -34 -35 -35 -34 -32  -29 -27 -26 -25 -25 -26 -27 -27  -25 -23 -22 -22 -21 -23 -20 -20
19  -23 -25 -22 -23 -23 -24 -22 -19  -18 -17 -18 -15 -12 -13 -17 -19  -18 -19 -20 -18 -14  -9  -6  -4
20   -5  -8 -10  -8  -7  -9  -7  -5   -7  -4  -1  -1  -4 -12 -18 -20  -20 -15 -12 -10  -7  -5  -5  -4

21   -3  -4  -4  -7  -9  -8  -6  -5   -7  -2   7   9   8   6   2   3   -4  -7  -5  -5  -2  -5  -6  -1
22    0 -10 -27 -45 -43 -35 -32 -34  -26 -23 -19 -32 -31 -29 -29 -32  -34 -34 -33 -31 -29 -26 -23 -18
23  -14 -14 -17 -22 -22 -25 -26 -30  -26 -20 -17 -13 -14 -15 -17 -21  -20 -19 -16 -15 -15 -16 -14 -15
24  -13 -16 -20 -23 -26 -27 -27 -25  -21 -17 -12  -9  -8 -11 -13 -16  -14 -13 -12 -11 -10 -10 -12 -16
25  -20 -18 -16 -16 -18 -17 -15 -12  -10  -7  -8  -8  -7  -7  -9 -11  -12 -11 -10 -13 -13 -11 -10  -7

26   -7  -9 -12 -17 -20 -21 -18 -15  -17 -17 -12  -5  -3  -5  -5  -7   -8  -5  -4  -2   2   4   6  10
27   11   8   2  -7 -14 -18 -18 -13   -8  -4  -1   0   0  -4  -5  -7   -9  -9  -8  -6  -6  -7  -5  -2
28   -1  11  10   5  -2 -13 -15 -11  -15 -12 -22 -20 -19 -16 -14 -14  -17 -16 -12 -11 -11 -12 -12 -10
29   -8  -9 -11 -12 -12 -10  -8  -9   -9  -8  -6   0  -1  -5  -8 -11  -12 -10  -8  -8  -6  -4  -3  -2
30   -3  -3  -2  -3  -3  -3  -4  -6   -5  -3  -1  -3  -4  -5  -8  -7   -6  -4  -2  -2  -1   0  -1   0

 1    2   3   3   3   2   0  -1  -2   -3  -3   2   5   4   4   2   0    0   1   3   5   4   3   2   1
 2    1   4   5   4   3   2   4   9   11  12  11  11  10   9   8   7    5   3   5   5   4   2   1   3
 3    2   1   3   5   5   5   6   7    7   9  13  15  15  14  14  12   14  14  16  16  18  15  14  13
 4   13  14  12   9  11  14   9   4    1  -6 -13 -20 -26 -34 -38 -40  -32 -28 -27 -30 -24 -26 -18 -15
 5  -20 -25 -31 -30 -34 -37 -40 -37  -34 -26 -20 -16 -14 -15 -14 -15  -18 -19 -18 -17 -17 -16 -13 -12

 6  -11 -15 -17 -17 -15 -16 -16 -12   -6  -6 -11  -8  -2  -6  -5  -3    2   0  -2  -1 -24 -53 -47 -34
 7  -32 -29 -30 -27 -23 -19 -29 -32  -37 -43 -30 -25 -30 -34 -31 -29  -26 -26 -26 -26 -25 -25 -24 -22
 8  -23 -21 -23 -27 -24 -21 -18 -16  -15 -16 -14 -15 -14 -13 -12 -14  -14 -13 -11 -12 -14 -13 -13 -12
 9  -14 -17 -16 -15 -13 -12 -12 -11  -10 -10  -9  -7  -7  -8 -10 -10  -11  -9  -8  -7  -5  -4   0   4
10    4   2   1   1   3   4   3   2    3   4   1   1   2   2   2   4    4   8  12  17  11   1  -8 -10

11   -9 -13 -15 -21 -20 -16 -15 -17  -21 -22 -16  -4  -2 -10 -14 -16  -16 -15 -18 -20 -17 -18 -13 -22
12  -28 -27 -27 -22 -19 -23 -25 -22  -23 -24 -21 -22 -20 -17 -17 -14  -16 -17 -17 -17 -18 -16 -15 -14
13  -16 -13 -12 -15 -17 -18 -17 -18  -16 -13 -11  -9  -9 -11 -11 -10  -12 -11 -11 -11 -11  -9  -7  -7
14   -9 -12 -17 -17 -13 -12  -9 -10  -11  -8  -9 -12 -14 -13 -10  -9   -9 -12 -10 -10  -9  -8  -9  -9
15  -13 -16 -16 -13 -10  -5  -6  -9  -10 -11 -11 -11 -11 -11  -9  -7   -5  -6  -9  -9  -7  -5  -7  -9

16  -13 -14 -12 -10  -5  -3  -2  -3   -3  -4  -5  -7  -6  -7  -7  -5   -4  -4  -5  -6  -5  -4  -2  -1
17   -2  -4  -6  -8  -5  -5  -4  -2    2   4   4   3   1   2   0   0   -1  -3  -2  -1   2   6   4   1
18    1   2   2   4   7  15  18  11   -2  -4   5   8   7   6   5  -5  -22 -38 -37 -35 -28 -25 -20 -23
19  -20 -18 -20 -21 -20 -18 -19 -15  -14 -13 -11 -11 -13 -14 -14 -15  -14 -12  -8  -4  -4  -7  -9 -14
20  -20 -20 -18 -13  -8  -5  -7  -9  -11 -11 -10 -10  -9  -9  -9  -8  -12 -12  -8  -7  -5   3  -1  -4

21  -10 -16 -13  -6  -3  -2  -3  -3   -2  -3   0  -2  -4  -5  -6  -4   -4  -5 -14 -17 -15 -14 -13 -12
22  -14 -16 -14 -15 -11  -6  -4  -4   -7  -6  -4  -1  -6  -4  -4  -3   -6  -8  -6  -1   0  -2  -6  -6
23   -9 -11 -14 -13  -8  -5  -6  -8   -4  -3  -4  -7  -6  -4  -4  -4   -8  -3  -4  -5  -7  -6  -6  -7
24   -8  -7  -4   0   2   2   3   7    7   5   3   5   7   8   8   9    9   8   8   8   6   4   4   4
25    5   8  10  10  11   8   5   4    1   4   5   1   0   2   5   6    6   6   7   5   1  -1  -4  -1

26   -4 -10 -10  -5  -2   0   0   0   -1   0   1   3   3   4   6   3    1   2   0   1   0   1   2   1
27   -1  -2  -2  -3  -1   0   0   3    2  -1  -2  -1  -2  -2   0   3    2   1   0  -1   2   6   6   9
28    9  10   9   8   8   4  -1   2    2   2   0  -4  -4  -4  -4  -3   -2  -3  -4  -6 -10 -14 -17 -14
29  -11  -9  -7  -6  -5  -5  -6  -6   -6  -6  -9 -10  -9  -7  -5  -4   -6  -3  -4  -6  -8  -9  -9 -10
30  -12 -10  -8  -4  -3  -3  -2  -1   -1  -1   7   8   7   6  17  23   21  21  21  21  17  16  17  12

31    6  -2  -4  -4  -3   0  -3  -1    0  -1   0   3   3   0  -1   1    2   1   1   0   2   4   6   7

 1    7   1  -1   1  -1  -1   4   2    1   8   2  -4   0   6   5   6    5   5   5  -2  -7  -5  -2  -1
 2    1  -2  -6  -3  -1  -3   0  -1   -4  -6  -4   1   1  -1  -1  -3   -4  -3  -1  -3  -5  -5  -5  -6
 3   -8  -9  -6  -4  -4  -2  -2  -1   -2  -1  -1   1  -1  -5  -5  -4   -3   0   2   0  -2  -2  -2  -1
 4   -2   0   2   2   2   1   1   1    3   3   3   4   5   4   3   4    3   5   8   8   9   9   9   8
 5    4   2   6   8   9   8   7   7    7   7   8   6   7   8   9  13   12  11  11  11  11  13  14  15

 6   14  11   5   5   9  17  17  10    0  -3   8   2   1  -6  -5 -10  -23 -35 -42 -40 -36 -34 -34 -30
 7  -32 -31 -29 -28 -18 -18 -21 -23  -16 -18 -26 -22 -18 -23 -28 -26  -23 -21 -22 -20 -21 -21 -14 -15
 8  -31 -33 -28 -24 -26 -29 -24 -25  -20 -16 -22 -21 -18 -20 -17 -17  -21 -19 -19 -25 -27 -28 -28 -28
 9  -28 -26 -26 -25 -20 -18 -18 -15  -15 -15 -13 -13 -14 -18 -23 -21  -19 -18 -21 -18 -19 -21 -22 -21
10  -22 -20 -14 -13 -15 -15 -16 -14  -13 -13 -13  -8 -12 -13 -13 -14  -17 -20 -22 -26 -26 -24 -22 -18

11  -13 -10 -10  -9 -11 -13 -13  -9  -10  -9 -11 -10  -8  -7 -10 -10  -11 -13 -15 -15 -15 -17 -15 -13
12  -14 -15 -12  -9  -8  -9  -7  -5   -6  -8  -6  -5  -6 -10 -14 -12   -9 -10 -12 -14 -14 -15 -14 -10
13  -12 -13 -14 -14 -11  -8  -7  -6   -7  -6  -5  -4  -4  -4  -6  -4   -2   1   2   4   5   4   0  -4
14   -7  -7  -7  -5  -5  -4  -3  -2    2   2   4   0  -1   0  -1  -1    0   0   4   3   4  -1  -1   2
15    0   4   7   4   0  -6  -7  -4   -8 -14 -19 -19 -13 -11 -14 -19  -16 -19 -22 -22 -24 -25 -27 -30

16  -32 -31 -24 -22 -24 -22 -20 -17  -15 -15 -17 -19 -19 -20 -20 -23  -26 -26 -24 -21 -17 -13 -12  -9
17   -8  -9  -9  -7  -5 -12 -21 -17  -18 -14 -14 -17 -18 -16 -13 -14  -10 -14 -18 -20 -20 -22 -20 -18
18  -18 -17 -11 -10 -15 -15 -15 -15  -20 -21 -20 -14 -13 -14 -17 -18  -20 -20 -20 -18 -16 -13 -12 -10
19  -10 -14 -13 -10 -11 -11 -12 -11  -10 -10 -11 -10  -8  -7  -7  -9  -11 -12 -14 -18 -19 -14 -11  -8
20   -8  -6  -9  -9  -7  -7  -5  -2   -2  -4  -4  -5  -6  -8 -10 -11  -10  -9  -6  -5  -3  -4  -3   0

21    2   2   0  -1  -3  -2   0   1    1   0   1   1   3   3   2   2    1  -1   2   3   2   1   1   6
22    6  11  14  11   3   2   1   2    0   4   7  11  12  10   8   5    2   2   0  -4  -5  -2   1   2
23   -1  -1   1   3   4   4   3   2    3   3   2   1   2   3   4   4    4   3   3   0   1   3   6   6
24    6   8   7   8   8   7   8  10   10  10   8   6   9   9   7   8    8   9   8   8   2   1   2  -1
25   -5  -5  -5  -5  -6  -4  -1   0    0  -2  -2   0   1  -1   0   2    1   3  -1  -5  -7  -7  -8  -8

26   -1   5   6   5   5   6   7   7    7   5   5   4   2   2   4   4    5   5   4   3   4   4   1  -1
27   -3   1   5  10  13  16  18  17   21  21  23  20  16  12  10  13   17  14  13   9  15  14   9   7
28    5   5   7  13  18  14   6  -3   -8 -14 -12 -14 -12 -16 -21 -21  -15 -12 -12 -14 -12  -8  -5  -9
29   -9  -7  -8  -7  -3  -5  -5  -3   -3  -3   0   3   0  -7 -13 -17  -16 -13 -16 -15 -13 -14 -13 -16
30  -18 -13  -8  -7 -10 -12 -13 -10   -8  -9 -10 -11 -11 -12 -14 -15  -14 -12 -13 -15 -13 -12 -12 -13

 1  -14 -13 -10 -10  -9  -9  -8  -6   -4  -6  -6  -9 -10 -11  -9  -5   -3  -2  -4  -6  -4  -3  -5  -5
 2   -3  -2   3   4   4   3   3   2    1  -2  -3  -1   1   1   1   2    1  -1  -1  -1  -1   0   0   0
 3   -1  -2   0   3   3   4   5   3    1   1   1   2   1  -1   2   3    4   4   0  -3  -1   2   3   6
 4    5   5   1   2   3   3   4  10   15  14  17  18  22   7   9  14    8   2  -1  -5 -10 -11 -11 -17
 5  -17 -20 -15 -16 -20 -32 -32 -30  -25 -24 -24 -29 -31 -32 -31 -28  -27 -26 -27 -27 -30 -35 -34 -34

 6  -35 -34 -28 -28 -24 -21 -19 -18  -15 -13 -16 -19 -19 -20 -20 -20  -20 -21 -22 -20 -19 -16 -17 -21
 7  -23 -25 -24 -19 -17 -16 -16 -13  -10 -10 -11 -10 -10 -13 -17 -15  -15 -15 -14 -16 -19 -19 -20 -22
 8  -24 -21 -18 -15 -13 -14 -15 -14  -13 -13 -14 -16 -14 -13 -12 -12  -12 -12 -15 -17 -17 -16 -15 -13
 9  -12 -13 -13 -10  -9 -10 -10  -9   -6  -6  -6  -9 -11 -12  -9  -6   -8  -7 -10 -11 -12  -8  -3  -7
10   -7  -5   8  10   9  12  12  13   12  11   8   9   9   1  -9 -17  -20 -19 -15 -23 -24 -25 -27 -27

11  -24 -19 -14 -12  -9  -9  -6  -8   -6  -2   4   9  10  13  18  18   16  14  10   0  -8 -14 -12  -3
12    0   0   2   5   7  -1  -3  -1   -3  -7  -4  -9 -10  -7  -3  -4  -11 -15 -17 -19 -18 -20 -20 -18
13  -18 -16 -14 -13 -14 -16 -17 -14  -14 -13 -13 -11 -13 -14 -15 -17  -18 -16 -16 -17 -18 -19 -17 -14
14   -8  -5  -3  -2   0   2   2   2    3   3  13  13   7   1  -5  -9   -8 -18 -28 -34 -36 -33 -30 -29
15  -29 -28 -27 -29 -30 -28 -24 -19  -16 -13 -11 -15 -17 -15 -13 -12  -15 -17 -19 -22 -23 -23 -24 -24

16  -22 -18 -13  -9  -9 -10 -11 -10   -9  -7  -6  -5  -5  -6  -4  -4   -3  -2  -2   0   1  -2  -4  -6
17   -8 -11 -10 -10  -9  -5  -2  -2   -3  -2   2   2   2  -1  -4  -5   -6  -5  -5  -5  -5  -3  -4  -4
18   -4  -6  -7  -7  -4  -1   1   0    0   0   1   1   3   1  -1  -3    0   3   3   2   5   5   4   2
19   -1  -2  -2  -1   1   0   1   2    2   3   4   3   2   2   4   4    4   6   9  10  10   7   6   4
20    7  11  13  10  12  12  11   7    6   5   6  10  10   8   6   4    1   1   1   2   6   5   3   3

21    3   2   3   3   2   2   3   4    3   6   6   6   5   6   6   6    7   5   5   6   6   4   5   7
22    7   8  11  10   7   5   2   1   -1   3   5   7   7   7   8   6    6   5   6   7   8   7   5   6
23   -3  -2   3   8  11   8   6   4    5   4   3   3   5   5   6   7    7   7   8   9  11  10   7   3
24    6   8  13  14  13  14  14  13    6   6   6   7   4   1  -2  -5   -7  -8  -6  -3   0   0  -2  -2
25   -2  -4 -10  -9  -9  -5  -3  -6   -6  -4  -3  -2  -2   0   2   3    3   3   5   3   3  -1  -4  -9

26  -11  -9  -6  -6  -7  -2  -1   1    2   3   4   4   3   5   5   5    3   3   2   4   6   2  -2  -4
27   -5  -2   4   8   7   5   3   1    0   2   5   6   5   6  17  21   23  23  25  22  20   8 -10  -8
28    2   2 -21 -38 -48 -46 -42 -41  -37 -37 -26 -26 -37 -32 -30 -28  -26 -24 -24 -24 -24 -26 -28 -28
29  -28 -26 -21 -21 -23 -24 -24 -24  -23 -22 -21 -22 -24 -23 -20 -16  -17 -16 -16 -12  -9  -8  -5  -8
30  -10 -10 -12 -12 -12  -9  -6  -6   -6  -7  -6  -7  -9  -9  -8  -9   -9  -5  -2  -3  -4  -4  -3   1

31    3   4   1   2   9  -2 -11 -10    1   0   5   8  -1  -7 -10  -6   -5  -6 -11 -15 -18 -23 -23 -18

 1  -14 -10 -10  -9 -17 -29 -26 -17  -13 -10 -10 -13 -13 -15 -17 -22  -19 -15 -11 -12 -14 -16 -19 -18
 2  -15 -10 -12 -15 -19 -18 -16 -16  -17 -17 -17 -22 -23 -21 -19 -17  -17 -20 -18 -16 -11 -11 -16 -24
 3  -23 -18 -19 -21 -18 -13 -12 -10  -10 -11 -10 -10  -8  -8  -9 -11  -13 -15 -17 -15 -12 -12 -12 -12
 4  -12  -9  -6  -6 -10 -10  -9  -7   -8  -9  -9  -9 -12 -13 -11  -8   -8  -7  -5  -4  -2  -1  -1   1
 5    1  -3  -8 -12 -16 -14  -9  -8   -7  -7  -6  -6  -7  -7  -6  -7   -8  -8  -7  -3   1   2   2   2

 6    3   2  -1  -4  -3  -1  -3  -1   -3   1   3   3   3   6  11  10    8   8   8  11  11  14  15  15
 7   21  32  20   4  -2  -8 -22 -48  -47 -37 -37 -40 -42 -39 -39 -40  -38 -36 -35 -35 -37 -38 -35 -32
 8  -26 -25 -29 -35 -37 -34 -33 -29  -28 -30 -27 -26 -27 -26 -23 -22  -22 -23 -26 -26 -26 -27 -23 -20
 9  -18 -13 -19 -27 -29 -26 -21 -19  -20 -20 -24 -21 -20 -19 -15 -14  -14 -12 -10 -14 -18 -21 -19 -18
10  -17 -16 -18 -20 -22 -20 -18 -16  -15 -14 -12 -12 -11  -8  -7  -8  -10 -11 -12 -11 -12 -17 -18 -17

11  -15 -19 -19 -19 -19 -16 -14 -11   -9 -12 -15 -16 -10  -8  -7 -11  -10  -8  -9 -13 -14 -12 -12  -8
12   -4  -3  -8 -11 -11  -9 -14 -14  -10  -8 -10  -9  -8  -5  -5 -10  -12 -13 -15 -13 -11 -13 -12 -14
13  -14 -14 -14 -15 -14 -12 -11 -10  -10 -10 -10  -9  -5  -4  -5  -5   -4  -3   0   0  -1  -3  -3   0
14    0   1   2   2   3   1  -1  -4   -5  -4  -4  -4  -5  -6  -9 -11  -14 -17 -20 -20 -18 -13 -10  -8
15   -7  -6  -7  -6  -7  -6  -5  -4   -3   1   5   5   4   3   3   4    5  12  18  15  14  10   8   7

16    5   2   2   4   3   5   5   5    8  10   9   8  10   9   3   4    5   7   7   6   4   4   3   8
17    9  11  12  10   8   5   5  16   21  16  11  12  12  10  11  12   12  11   8   4   3   4   2   3
18    4   4   0 -13 -20 -22 -14  -9  -15 -13 -12 -13 -19 -14 -11  -8   -7  -6  -6  -6  -5  -1   3   9
19    7   6  -1  -9 -14 -14  -5   2    2  -4   4  -3  -5  -9 -13 -25  -27 -30 -37 -56 -66 -78 -76 -72
20  -78 -79 -65 -58 -61 -61 -55 -48  -48 -49 -44 -34 -34 -33 -35 -42  -43 -44 -41 -41 -40 -39 -39 -36

21  -30 -29 -30 -35 -40 -39 -37 -37  -39 -39 -35 -32 -33 -32 -32 -33  -28 -30 -34 -34 -32 -34 -33 -29
22  -26 -26 -25 -25 -23 -19 -21 -26  -38 -41 -41 -38 -27 -23 -22 -25  -28 -31 -32 -32 -27 -25 -23 -23
23  -20 -20 -18 -22 -23 -22 -26 -24  -25 -24 -25 -26 -26 -26 -24 -21  -18 -15 -13 -13 -17 -20 -17 -17
24  -19 -20 -17 -16 -15 -16 -14 -12  -15 -14 -13 -10 -11 -12 -15 -17  -17 -18 -18 -19 -20 -20 -18 -15
25  -14 -12 -14 -15 -14 -14 -14 -14  -15 -15 -15 -15 -15 -13 -11  -8   -9  -9  -9  -7  -6  -6  -8 -10

26  -13 -13 -13 -13 -12  -9  -7  -7  -10 -11 -12 -10  -8  -6  -6  -7   -6  -5  -2  -1   0   2   5   7
27    7   4   6   7   4   2   2  11   13   5  -6 -16 -14 -10  -7 -23  -39 -32 -25 -24 -25 -28 -26 -20
28  -21 -22 -27 -28 -31 -26 -22 -25  -28 -28 -26 -24 -20 -19 -16 -14  -13 -14 -13 -13 -12 -15 -19 -19
29  -19 -15 -16 -14 -15 -17 -14 -14  -14 -14 -15 -16 -10  -9  -8  -7   -7  -7  -7  -9  -5  -5  -6  -7
30  -11 -12 -10  -8  -7  -9 -13 -17  -15 -11  -9  -6  -6  -6  -4  -2    1   0  -1  -1   3   7   3   4

31    4   3   6   7  11  12  10  -1   -7 -10 -12  -9  -7  -2  -2  -8  -17 -21 -27 -33 -31 -35 -35 -34

 1  -34 -31 -27 -23 -21 -19 -16 -16  -24 -22 -20 -13 -15 -19 -22 -23  -21 -27 -26 -28 -27 -34 -39 -36
 2  -27 -25 -25 -25 -27 -25 -21 -18  -15 -13 -12  -7 -12 -15 -13  -9   -7  -8  -8 -14 -19 -20 -16 -11
 3  -12 -10 -10 -11 -10  -9  -9  -7  -10 -11 -12  -8  -8  -4  -1  -3   -7  -6  -2  -1  -3  -7  -8  -5
 4    3  -6 -14 -23 -36 -45 -37 -38  -38 -38 -36 -32 -25 -20 -17 -19  -19 -23 -28 -27 -24 -26 -31 -34
 5  -32 -26 -22 -20 -24 -28 -28 -24  -20 -23 -23 -20 -18 -15 -11 -10  -11 -13 -15 -12 -11 -11 -11 -12

 6  -13 -15 -15 -15 -18 -19 -19 -21  -21 -19 -21 -25 -28 -26 -21 -17  -15 -13 -14 -15 -17 -16 -16 -16
 7  -16 -16 -15 -12 -12 -13 -14 -15  -14 -12 -11 -11 -14 -17 -19 -19  -17 -17 -19 -18 -15 -14 -12 -11
 8  -11 -10  -9  -9 -13 -17 -12  -9   -8  -9  -6  -6  -6 -10  -8  -6   -6  -5  -3  -3  -4  -2   2   4
 9    3   1   0  -2  -2   0   0  -2   -4  -3  -1  -1  -2  -3  -2  -1    0   1   2   2   1  -3  -2  -2
10   -4  -6  -5  -2   0  -1  -2  -1   -1   3   4   9  11   9   8   7    5   2   5   3  -3  -1  -4  -4

11   -5  -8 -12 -11  -7  -5  -5 -11  -17 -16 -11  -8 -10 -17 -15 -13   -9  -7  -6  -6  -7  -8 -11 -11
12  -11 -11  -6  -4  -1  -1  -6 -10   -8  -9 -10  -7  -6  -9  -7  -5   -4  -4  -6  -3  -2  -3  -4  -6
13   -8 -11  -8 -10 -14 -18 -20 -14  -14 -17 -12 -10 -10 -12 -11 -12  -11 -11 -11  -9  -9 -10 -11 -12
14  -13 -11 -11  -9  -9 -13 -11 -13  -13 -12 -10  -9  -9  -7  -5  -5   -5  -4  -2   0  -3  -5  -7  -9
15  -12  -9  -8  -6  -4  -2  -2  -3   -3  -1   2   2   2   1   1   0    0   3   2   2   4   3   2   1

16    0  -2  -2  -1  -3  -1   2   3    3   3   4   2   2   4   3   0    1   2  -2  -4  -4  -3  -1   0
17    1  -2  -4  -2  -3  -7 -12 -14  -14  -9 -16 -17 -15 -14  -9  -5   -4  -2  -6 -19 -31 -24 -17 -13
18  -14 -18 -29 -29 -24 -26 -30 -29  -30 -34 -31 -22 -14 -16 -16 -17  -15 -20 -23 -17 -15 -17 -19 -24
19  -27 -27 -25 -25 -22 -21 -26 -23  -24 -23 -24 -22 -21 -22 -25 -22  -23 -25 -27 -24 -23 -22 -23 -22
20  -20 -19 -19 -21 -23 -21 -20 -20  -19 -19 -17 -15 -15 -16 -15 -15  -15 -18 -18 -17 -15 -16 -16 -15

21  -15 -12 -10  -7  -8 -10 -10  -9  -10 -11 -10 -12  -8  -7  -7  -6   -7  -7  -8  -7  -7  -8 -10  -8
22   -7  -5  -4  -1   0  -2  -1   0    0   0  -1  -3  -1  -1  -1   0   -2  -4  -5  -4  -1  -2  -4  -5
23   -3  -2  -2   0   0  -2  -2   0    1  -2  -7 -10  -8  -4   3   9   12  14   9   0   4  -2   2   1
24    4  -7 -15 -23 -46 -38 -45 -51  -51 -55 -48 -37 -33 -26 -22 -20  -19 -22 -23 -21 -18 -17 -18 -17
25  -15 -16 -17 -17 -16 -13 -12 -12  -18 -28 -31 -30 -30 -29 -26 -21  -19 -21 -22 -21 -20 -22 -24 -22

26  -20 -18 -18 -18 -18 -18 -13 -10  -10  -9 -10 -11 -14 -15 -12  -8   -9 -13 -17 -19 -17 -17 -21 -21
27  -20 -22 -19 -19 -18 -14 -12  -9  -10 -13 -13 -13 -11  -8  -8 -13  -12 -13  -9  -8 -10 -13 -16 -15
28  -16 -15 -14 -12  -9  -8  -8  -5   -5  -7 -10  -8  -6  -6  -4  -5   -5  -3   0   1  -2   1  -1  -3
29    2   2   3   2   2   3   2  -3   -3  -4  -2  -2   0  -3  -2  -2   -2   2   1   2   3   2   0  -1
30   -1   2   9  12  -3 -16 -21 -12   -5  -4 -14 -16  -7  -4   1   3    5   1  -7  -8  -9 -13 -16 -17

 1  -25 -36 -44 -47 -50 -51 -49 -45  -40 -35 -38 -34 -38 -43 -40 -31  -31 -30 -29 -27 -25 -22 -22 -22
 2  -18 -11 -11 -14 -17 -19 -16 -15  -15 -18 -21 -19 -15 -10 -10 -12  -14 -18 -22 -23 -23 -21 -21 -20
 3  -20 -17 -17 -18 -19 -19 -18 -14  -12 -11 -12  -9  -9 -11 -13 -15  -14 -11  -4  -4  -6  -7 -10 -12
 4  -14 -15 -15 -16 -17 -15 -12 -12  -11 -13 -13 -11  -9  -9 -11 -12  -14 -12  -9 -10 -10 -10 -10 -12
 5  -15 -16 -17 -16 -14 -12 -12 -13  -10  -9  -9  -9 -11 -10 -11 -11  -11 -12 -14 -15 -12  -8  -7  -8

 6   -7  -6  -4  -3  -2  -4  -5  -6   -7  -8  -7  -8  -8  -8  -6  -3   -2  -2  -2  -3  -4  -4  -3  -1
 7   -1  -1  -1  -1   2   0  -1   1    0  -1  -1  -1   4   8  11  13    4  -6  -3   4   5  -5 -17 -26
 8  -23 -19 -16 -15 -13 -12 -10  -6   -8 -17 -21 -17 -17 -18 -17 -15  -16 -14 -12 -11 -14 -15 -14 -15
 9  -14 -11 -10 -12 -14 -13 -11 -11  -11 -12 -10  -9  -9  -9  -8  -8   -5  -3  -2  -3  -5  -3  -2  -4
10   -3  -3  -5  -5  -5  -5  -5  -5   -5  -7  -7  -4  -2  -3  -5  -6   -6  -5  -4  -5  -5  -4  -3  -3

11   -4  -2  -4  -3  -2  -3   1   2    3   5   6   3   0   0  -2  -3   -3  -4  -4  -4  -4  -1  -1  -4
12   -6  -5  -2   0  -3  -5  -3   1    1   2   0   5   7   3  -3  -4   -3  -4  -3  -4  -4  -4  -5 -10
13  -17 -17 -17 -17 -17 -14 -19 -21  -42 -48 -35 -21 -20 -24 -24 -29  -27 -26 -24 -36 -22 -43 -55 -55
14  -53 -51 -49 -46 -50 -44 -38 -35  -28 -26 -29 -23 -23 -22 -24 -27  -35 -39 -37 -29 -27 -38 -39 -40
15  -34 -34 -35 -40 -37 -35 -29 -25  -22 -20 -16 -19 -18 -19 -21 -23  -23 -26 -24 -23 -22 -22 -23 -22

16  -22 -22 -21 -22 -24 -26 -27 -24  -23 -23 -22 -22 -22 -23 -24 -24  -21 -20 -17 -14 -12 -15 -15 -15
17  -16 -17 -19 -19 -20 -20 -16 -13  -13 -14 -13 -10 -11 -12 -12 -13  -13 -13 -13 -15 -15 -14 -12 -13
18  -14 -16 -18 -20 -21 -20 -15 -11  -10  -9  -8  -7  -8  -8  -8  -9  -10  -9  -9  -8  -7  -5  -4  -4
19   -3  -4  -6  -5  -9  -8  -7  -7   -5  -4  -5  -3  -3  -1   0  -1   -1  -2  -1   0   0   2   5   8
20   16   9   7   6   4   7  13  18   10  11   1   4   5   1   2   9   -3  -7  -2  -9  -7 -14 -14 -16

21  -13 -20 -23 -28 -28 -28 -28 -27  -22 -15 -15 -14 -14 -12 -12 -15  -19 -24 -21 -19 -18 -20 -20 -18
22  -16 -16 -18 -22 -27 -30 -31 -27  -22 -20 -17 -15 -15 -12 -15 -22  -20 -18 -25 -25 -25 -25 -24 -20
23  -17 -15 -14 -16 -17 -16 -15 -13  -10  -8  -8  -9  -9 -10 -11 -14  -14  -8  -6  -8 -10 -10  -9  -7
24   -5  -5  -7 -10 -12 -16 -22 -23  -24 -19 -14  -9  -8  -8  -9  -8   -6  -6 -10 -10  -5  -5  -7  -5
25   -5  -7 -10  -9  -7  -5 -11 -11  -12 -11 -10  -7  -8  -8 -10 -13  -14 -15 -15 -12 -12 -13 -15 -15

26  -14 -12 -12 -15 -14 -14 -16 -16  -16 -13 -11  -9  -9  -7  -6  -7   -7  -6  -5  -2  -2  -3  -5  -5
27   -5  -4   2   6   6   8   8   7    7  10  12  13  11   9   6   3    1  -3  -3   2   1   4   3  -7
28   -8  -6  -6  -4 -14 -19 -19 -18  -11  -7 -10  -9  -7  -6   0  -6  -13 -15 -13 -16 -14 -20 -35 -27
29  -23 -19 -37 -44 -43 -42 -45 -47  -50 -40 -40 -36 -33 -33 -38 -38  -34 -30 -23 -26 -27 -24 -26 -30
30  -32 -32 -31 -30 -30 -31 -28 -25  -25 -26 -22 -23 -25 -27 -27 -29  -30 -26 -25 -21 -18 -18 -19 -22

31  -22 -24 -25 -26 -26 -25 -25 -23  -21 -20 -15 -12 -13 -15 -19 -24  -25 -25 -24 -22 -21 -21 -19 -21

 1  -20 -17 -19 -21 -25 -24 -22 -22  -20 -21 -18 -14 -12 -11  -9  -9  -13 -17 -15 -15 -14 -17 -19 -24
 2  -25 -26 -26 -28 -27 -27 -24 -23  -22 -23 -22 -19 -18 -17 -17 -21  -22 -26 -26 -26 -26 -23 -27 -28
 3  -24 -22 -24 -23 -22 -18 -21 -23  -25 -21 -13 -12  -7 -10 -10 -11  -12 -10  -6  -3  -3  -2  -1   1
 4    3   2  -3 -11 -13 -19 -19 -22  -17 -14 -14 -12 -11  -9  -8 -11  -15 -17 -16 -15 -16 -17 -18 -13
 5   -9  -9 -11 -10 -11 -14 -15 -14  -15 -13 -16 -20 -22 -16 -12 -13  -14 -13 -14 -17 -17 -16 -14 -12

 6   -8  -7  -7  -6  -6  -8 -11 -12  -10  -6  -5  -4  -5  -4  -3  -3   -6  -6  -6  -5  -7  -6  -4  -2
 7   -1  -2  -3  -3  -5  -7  -6  -5   -7  -8  -7  -7  -8  -8  -7  -5   -5  -4  -3  -2  -4  -3  -4  -4
 8   -5  -5  -5  -2  -1   0   0   4    5   4   4   4   4   5   6   4    3   3   4   4   4   3   1  -2
 9   -3  -3  -4  -6  -5  -5  -4  -2    0   3   6   8   8  19  26  25   31  31  25   3   3  -2 -20 -46
10  -59 -63 -63 -55 -50 -53 -59 -59  -47 -39 -42 -48 -48 -42 -42 -39  -40 -34 -34 -33 -27 -27 -23 -21

11  -25 -32 -34 -32 -31 -37 -48 -43  -32 -35 -34 -34 -28 -29 -31 -28  -27 -27 -25 -22 -21 -22 -23 -25
12  -27 -29 -29 -30 -27 -26 -27 -27  -25 -24 -25 -21 -19 -20 -20 -19  -18 -18 -18 -18 -18 -20 -24 -25
13  -26 -26 -27 -26 -25 -23 -22 -20  -16 -15 -15 -17 -20 -21 -19 -16  -17 -16 -16 -15 -12  -9  -9  -8
14   -9 -12 -13 -14 -13 -12 -10  -9   -9  -9 -11 -13 -14 -12 -13 -16  -17 -18 -15 -13 -12 -14 -17 -20
15  -19 -19 -19 -20 -19 -17 -16 -17  -14 -12 -10  -9  -9  -9 -12 -13  -17 -13  -8  -6  -7 -14 -19 -21

16  -16 -12 -19 -25 -27 -26 -22 -24  -19 -11  -8 -11 -16 -19 -19 -19  -20 -19 -18 -13 -12 -11 -11 -13
17  -16 -20 -25 -32 -32 -32 -33 -33  -31 -28 -24 -20 -24 -25 -31 -29  -26 -21 -19 -18 -18 -20 -19 -17
18  -20 -20 -21 -18 -16 -14 -12 -12  -12 -13 -14 -14 -15 -18 -19 -19  -19 -20 -19 -18 -17 -18 -18 -18
19  -18 -19 -19 -17 -18 -12 -13 -14  -14 -14  -8  -7  -7  -7  -6  -6   -9  -9 -10 -11 -12 -11  -9  -9
20  -10  -9  -8  -6  -5  -5  -8 -10  -10 -11  -8  -8  -7  -5  -9 -10   -9  -9 -11 -12 -13 -12 -12 -10

21   -8  -7  -8  -8  -7  -6  -6  -9   -7  -7  -9  -9  -5  -3   0   2    3   2   1   1   2   1   1   2
22    5   5   7   7   5   4   3   3    8  10  10   8  13  13   9   8    6   7   9   4  -4 -10  -9  -6
23   -4  -6  -9  -8  -6  -7  -7  -5  -22 -30 -30 -30 -31 -31 -30 -27  -25 -24 -25 -29 -28 -22 -14 -11
24  -15 -17 -22 -31 -29 -32 -36 -34  -37 -30 -32 -33 -29 -32 -30 -30  -28 -28 -27 -24 -22 -22 -19 -17
25  -14 -14 -18 -21 -17 -21 -24 -22  -20 -19 -19 -16 -17 -18 -17 -18  -17 -20 -21 -25 -26 -23 -23 -25

26  -23 -20 -19 -21 -17 -17 -19 -20  -20 -22 -25 -23 -23 -22 -21 -21  -20 -18 -17 -20 -25 -22 -22 -24
27  -24 -24 -23 -21 -19 -18 -17 -19  -18 -20 -24 -21 -20 -19 -21 -24  -24 -23 -20 -18 -18 -17 -16 -17
28  -18 -18 -18 -20 -20 -19 -17 -16  -16 -15 -15 -16 -18 -20 -21 -20  -21 -19 -15 -11 -12 -17 -16 -13
29  -14 -16 -20 -16 -10 -11 -13  -7   -2   1   0  -7  -7  -6  -8  -9   -9 -10  -7  -6  -5  -5  -5 -11
30  -15 -19 -21 -25 -30 -41 -51 -60  -66 -57 -62 -71 -71 -74 -63 -49  -48 -53 -49 -45 -43 -38 -37 -35


1  -33 -31 -31 -32 -32 -28 -25 -25  -24 -27 -26 -26 -26 -27 -28 -26  -25 -22 -21 -22 -19 -15 -16 -16
 2  -14 -16 -19 -19 -20 -21 -19 -18  -19 -19 -19 -17 -18 -18 -16 -16  -17 -14 -14 -14 -14 -12 -12 -11
 3  -10 -11 -15 -17 -17 -16 -17 -17  -16 -14 -12 -11 -12 -13 -15 -19  -21 -19 -18 -17 -17 -15 -13 -11
 4   -9 -10 -11 -13 -14 -13 -13 -14  -12  -9  -8  -9 -11 -14 -15 -16  -15 -14 -15 -17 -17 -18 -17 -14
 5  -13 -12 -11 -11 -12  -9  -7  -9   -7  -3   3   2   0   2   1  -5   -5  -3  -2   1   2   5   6   0

 6   -4  -6 -14 -25 -30 -26 -23 -19  -18 -21 -31 -44 -55 -48 -45 -51  -49 -41 -36 -35 -47 -38 -30 -32
 7  -34 -34 -39 -35 -33 -37 -38 -31  -30 -30 -29 -26 -31 -30 -30 -35  -37 -35 -37 -37 -40 -45 -47 -41
 8  -36 -31 -32 -35 -30 -23 -20 -23  -22 -24 -30 -19 -23 -31 -35 -33  -26 -26 -30 -24 -19 -18 -29 -23
 9  -19 -19 -17 -16 -14 -14 -20 -24  -22 -20 -21 -19 -21 -24 -30 -31  -31 -28 -23 -20 -21 -27 -34 -37
10  -31 -28 -23 -26 -29 -28 -22 -21  -22 -24 -29 -24 -21 -21 -29 -28  -36 -37 -35 -31 -29 -27 -34 -33

11  -32 -28 -27 -24 -27 -35 -32 -30  -26 -25 -28 -27 -29 -30 -31 -29  -28 -22 -17 -15 -16 -21 -30 -28
12  -23 -20 -21 -33 -49 -55 -48 -40  -37 -39 -42 -37 -34 -35 -40 -40  -42 -44 -39 -41 -43 -49 -47 -42
13  -38 -40 -40 -40 -37 -32 -31 -31  -30 -30 -32 -32 -31 -33 -36 -37  -37 -33 -29 -29 -28 -28 -29 -25
14  -25 -25 -26 -28 -28 -26 -26 -26  -27 -27 -28 -24 -23 -24  -7 -10  -30 -32 -45 -32 -22 -15 -27 -69
15 -146-157-149-156-158-159-158-162 -150-123-116-108 -81 -90 -98 -98  -94 -95 -87 -84 -81 -73 -72 -79

16  -72 -70 -70 -67 -59 -57 -57 -58  -61 -60 -58 -56 -53 -56 -57 -55  -56 -56 -37 -44 -53 -50 -41 -34
17  -39 -36 -36 -36 -39 -42 -43 -47  -48 -44 -42 -41 -43 -44 -45 -46  -43 -42 -36 -37 -39 -36 -35 -35
18  -35 -34 -35 -37 -38 -42 -41 -41  -42 -41 -34 -34 -32 -25 -27 -29  -25 -17 -23 -19 -12 -13 -29 -34
19  -38 -34 -30 -30 -36 -36 -35 -36  -39 -38 -44 -42 -41 -41 -40 -42  -45 -42 -37 -36 -35 -33 -30 -31
20  -34 -36 -35 -34 -36 -36 -38 -44  -47 -47 -42 -35 -31 -36 -39 -47  -48 -38 -36 -37 -39 -51 -45 -48

21  -46 -44 -45 -38 -38 -41 -42 -44  -47 -47 -42 -37 -37 -37 -43 -42  -42 -38 -37 -37 -38 -41 -38 -34
22  -31 -31 -30 -32 -34 -35 -41 -44  -44 -45 -51 -42 -41 -38 -36 -37  -41 -40 -41 -39 -44 -46 -45 -45
23  -44 -44 -42 -38 -37 -38 -43 -45  -41 -37 -38 -36 -40 -44 -40 -36  -36 -42 -47 -49 -46 -45 -45 -46
24  -46 -40 -35 -32 -31 -31 -33 -34  -36 -35 -32 -28 -26 -29 -31 -33  -39 -39 -39 -36 -39 -42 -41 -39
25  -36 -35 -33 -32 -28 -25 -27 -27  -28 -30 -30 -31 -31 -32 -34 -36  -35 -36 -34 -32 -31 -30 -31 -31

26  -30 -29 -25 -27 -26 -24 -22 -24  -31 -32 -31 -31 -29 -27 -29 -31  -30 -33 -30 -27 -28 -29 -30 -28
27  -27 -27 -25 -24 -23 -22 -21 -21  -23 -25 -26 -26 -26 -25 -24 -23  -26 -27 -27 -25 -21 -20 -21 -23
28  -25 -25 -22 -20 -19 -17 -17 -18  -20 -19 -19 -18 -17 -17 -19 -23  -24 -21 -17 -14 -14 -12 -12 -12
29  -11  -9  -9  -9 -11 -13 -11 -11  -11 -12 -15 -14 -12 -13 -12 -10  -11 -12  -9 -10 -11 -14 -15 -15
30  -13 -11 -15 -18 -17 -15 -13 -11   -7  -6  -7  -2  -2  -7 -10 -15  -17 -17 -16 -17 -17 -19 -22 -22

31  -20 -22 -23 -21 -17 -18 -19 -17  -15 -15 -16 -15 -11  -9  -8 -12  -18 -17 -12 -10 -10  -9  -9 -14



