 1   -3   0   1  -1  -6  -8  -9  -8    0   7   8  -2  -9 -11   0   2   -7  -6  -8  -2  -4   1   1  -1
 2  -17 -20 -14 -14 -16 -20 -25 -25  -22 -20 -20 -23 -18 -24 -26 -29  -31 -29 -26 -26 -27 -24 -26 -22
 3  -17 -13 -15 -17 -29 -26 -22 -23  -23 -28 -28 -24 -25 -26 -25 -27  -27 -27 -24 -23 -24 -27 -30 -25
 4  -21 -20 -26 -27 -23 -20 -20 -24  -29 -21 -19 -14 -12 -15 -20 -26  -30 -30 -28 -27 -26 -28 -30 -28
 5  -24 -22 -17 -15 -17 -16 -14 -16  -22 -26 -23 -19 -14 -13 -17 -26  -31 -29 -25 -23 -25 -26 -27 -26

 6  -23 -20 -17 -15 -13 -12 -12 -16  -19 -20 -16 -13 -14 -13 -13 -17  -20 -17 -14 -14 -14 -17 -20 -21
 7  -18 -15 -13 -13 -14 -14 -14 -17  -20 -23 -24 -22 -22 -19 -16 -15  -15 -13 -12 -10 -10 -11 -14 -16
 8  -17 -16 -14 -12  -7  -6  -6  -5   -6  -7  -9  -6  -7  -9  -9  -7   -9 -16 -13  -9  -4  -4  -5  -4
 9   -6  -6  -1   2   4   6   4   3   -1  -2   0  -1  -7 -15 -22 -21  -22 -22 -16 -12  -7  -4  -3  -3
10   -6  -7  -7  -8  -6  -6  -7  -8   -8 -12 -16 -16 -16 -16 -19 -26  -29 -25 -20 -17 -13 -12 -14 -14

11  -14 -16 -16 -13 -10  -7  -6  -3   -3  -5 -10 -13 -16 -19 -18 -21  -23 -21 -20 -20 -17 -16 -17 -18
12  -23 -24 -24 -23 -21 -18 -16 -14  -13 -14 -16 -18 -20 -22 -23 -23  -26 -26 -24 -23 -21 -18 -16 -16
13  -19 -21 -20 -18 -17 -16 -14 -12  -10 -10 -10 -11 -11 -11 -11 -12  -13 -13 -13 -13 -11  -9  -8  -9
14   -9 -10 -10 -10 -11 -10  -6  -1    3   1  -2  -3  -6   0   2  -3   -5   3  -1  -3  -3  -6 -10  -9
15  -13 -16 -18 -17 -14 -10 -11 -12   -8  -5  -8 -12 -12 -22 -31 -30  -29 -29 -29 -23 -20 -16 -15 -13

16  -14 -18 -21 -22 -22 -16  -8  -5   -5  -8 -12 -11 -11 -12 -15 -27  -28 -24 -16 -17 -22 -19 -13 -15
17  -21 -21 -21 -21 -24 -28 -28 -26  -26 -32 -30 -27 -23 -26 -27 -26  -27 -27 -36 -33 -36 -36 -30 -23
18  -23 -26 -27 -30 -32 -31 -28 -29  -30 -25 -25 -23 -22 -25 -26 -28  -30 -25 -21 -24 -21 -20 -21 -26
19  -22 -19 -21 -28 -32 -32 -26 -22  -22 -20 -21 -20 -22 -23 -24 -29  -29 -27 -23 -23 -28 -27 -22 -19
20  -19 -21 -19 -19 -18 -18 -18 -12  -15 -16 -16 -19 -17 -18 -22 -23  -25 -25 -23 -22 -20 -16 -13 -12

21  -10 -11 -11 -10 -15 -19 -21 -24  -24 -23 -25 -24 -18 -17 -17 -17  -18 -21 -20 -18 -16 -15 -12  -8
22  -10 -10  -8  -7  -6  -5  -6  -7   -5  -6  -8 -10 -14 -17 -17 -14  -15 -19 -19 -18 -16 -14 -14 -13
23  -12 -14 -15 -14 -15 -16 -14 -12   -7  -3  -5  -4  -7 -10 -14 -16  -15 -12 -10 -11 -13 -12  -9  -5
24   -5  -5  -7  -5  -4  -2  -1  -2   -3  -1  -1  -4  -7  -7 -17 -16  -16 -15 -11  -8  -9  -9  -8  -9
25   -7  -6  -8  -9  -7  -6  -3  -1   -1  -3   0   3   3  -1   2  -4   -6  -7  -5  -4  -7  -8  -7  -7

26   -7  -5  -5  -6  -9 -11 -13 -15  -14  -9  -9 -10 -12 -12 -12  -8   -8  -6  -4  -4  -2  -3  -1   1
27   -1  -3  -6 -10  -6  -6  -5  -3   -3  -4  -5  -5  -6  -7  -9  -8   -7  -5  -3  -4  -7  -3  -1   0
28    0  -2  -1  -2  -5  -8  -6  -5   -4  -4  -5  -4  -3  -3  -3   1    3   4   3  -1  -6  -7  -2  -4
29   -4  -1   0   2   4   9   7   4   10   5   4   7   7   3 -16 -37  -37 -44 -38 -41 -48 -49 -43 -43
30  -39 -38 -42 -46 -45 -35 -40 -39  -35 -29 -26 -26 -26 -32 -36 -34  -33 -29 -29 -23 -22 -28 -28 -25

31  -23 -28 -27 -29 -30 -27 -28 -26  -17 -14 -22 -24 -24 -23 -24 -22  -25 -29 -32 -32 -32 -31 -27 -24

 1  -20 -21 -19 -20 -21 -22 -23 -27  -29 -29 -29 -26 -23 -22 -24 -27  -29 -28 -26 -21 -18 -17 -14 -14
 2  -17 -17 -16 -16 -17 -16 -19 -21  -21 -20 -19 -17 -18 -20 -21 -21  -24 -22 -19 -17 -18 -18 -14 -12
 3  -13 -14 -14 -14 -15 -15 -17 -17  -16 -13 -13 -14 -14 -15 -15 -15  -16 -16 -15 -14 -13 -12 -11 -11
 4  -10 -11  -8  -6  -3  -5 -10 -12  -13 -16 -17 -17 -18 -18 -16 -14  -13 -12 -11 -11 -11  -5  -4  -4
 5   -3  -4  -5  -3  -3   0   0  -1   -2  -2  -1  -3 -10 -17 -21 -21  -21 -22 -23 -26 -28 -26 -22 -23

 6  -26 -25 -24 -22 -25 -29 -29 -26  -27 -24 -26 -22 -19 -19 -17 -14  -11 -11 -10  -9 -12 -12 -10 -10
 7  -15 -19 -22 -16 -12  -9 -15 -21  -17 -15 -20 -16 -17 -17 -18 -18  -18 -21 -17 -20 -19 -20 -21 -22
 8  -27 -22 -23 -25 -21 -12 -15 -17  -22 -23 -25 -20 -18 -20 -18 -14  -15 -13 -12 -13 -17 -18 -18 -21
 9  -21 -22 -19 -17 -13 -16 -17 -17  -18 -16 -17 -16 -17 -16 -16 -16  -14 -13 -14 -20 -22 -22 -23 -26
10  -24 -22 -21 -20 -20 -18 -17 -17  -19 -17 -13 -11 -12 -12 -12 -15  -14 -13 -16 -21 -27 -27 -27 -28

11  -28 -28 -27 -26 -24 -21 -19 -19  -18 -16 -15 -13 -16 -17 -17 -16  -17 -19 -19 -24 -25 -20 -16 -15
12  -15 -14 -15 -14 -12 -10  -9  -8   -7  -7   6   8  10   0   2   0   -3  -3   1   1   1   3  -2 -13
13   -8  -6 -11 -12 -12 -11 -12  -9   -7  -6  -6  -7  -4  -4  -2  -3  -12 -20 -21 -13 -12 -14 -20 -30
14  -36 -34 -28 -29 -28 -29 -23 -23  -28 -26 -24 -27 -23 -23 -22 -20  -21 -24 -32 -41 -31 -34 -30 -28
15  -29 -29 -28 -24 -21 -20 -21 -20  -21 -21 -21 -23 -23 -22 -22 -21  -21 -23 -23 -21 -17 -15 -14 -13

16  -11 -11  -9 -10 -12 -16 -20 -24  -23 -21 -21 -22 -24 -24 -20 -16  -16 -18 -20 -20 -18 -15 -18 -24
17  -23 -22 -23 -22 -24 -23 -21 -20  -24 -22 -23 -21 -21 -22 -20 -20  -20 -17 -16 -17 -19 -26 -27 -26
18  -23 -20 -20 -20 -14 -11 -11 -15  -19 -20 -20 -18 -16 -17 -17 -16  -12 -10 -12 -15 -18 -18 -16 -17
19  -15 -13 -11 -10  -8  -7  -6  -7   -7  -7  -8 -10  -8  -6  -9  -8   -9 -10  -8  -8  -9 -10 -12 -12
20   -9 -10 -10  -9  -9 -10  -9  -7   -3  -2  -5  -8  -9  -8  -6  -6   -6  -5  -4  -3  -3  -5  -5  -7

21   -6  -4  -5  -5  -9  -7  -5  -4   -3  -4  -4  -1   0   0  -2  -3   -6  -7  -6  -5  -4  -3  -1   0
22   -1  -2  -2  -2  -3  -2  -1  -3   -4  -3  -2   1   4   1  -2  -3   -4  -6  -8  -9 -10 -12 -12 -10
23   -6  -4  -5  -8  -9  -7  -5  -3   -2  -1  -2  -3  -5  -3  -1   0   -2  -4  -7 -10 -11  -9  -8 -10
24   -8  -7  -7  -7  -5  -6  -7  -9   -7  -6  -6  -6  -4  -2  -2  -1    1   0   1   0  -1  -3  -3  -4
25   -3  -3  -3  -3  -4  -6  -6  -7   -8 -10 -10  -8  -6  -5  -5  -5   -7 -11 -10  -9  -4   1   3   8

26    7   1  -8   0  -3  -7 -12 -14  -12 -16 -12  -8  -8  -8  -7  -7   -8  -9  -9  -8  -8  -7  -6  -6
27   -4  -3  -1  -2   0   3   8  12    2  -3   1   5   5   4   3  -1   -5   0  -5 -15 -18 -19 -10 -18
28  -21 -19 -23 -20 -19 -26 -35 -34  -26 -21 -33 -40 -34 -25 -21 -21  -20 -20 -26 -22 -23 -20 -20 -20

 1  -18 -15 -13 -16 -22 -26 -28 -29  -29 -25 -22 -22 -26 -26 -28 -27  -26 -22 -21 -20 -19 -17 -14 -13
 2  -10 -10 -11 -12 -15 -17 -16 -17  -14 -13 -15 -17 -18 -18 -18 -18  -16 -15 -15 -14 -12 -12 -11 -10
 3   -8  -7  -8  -9 -11 -11 -10 -10   -8  -7  -7  -7  -6  -5  -6  -6   -7  -7  -7  -9 -10  -6  -3  -1
 4    2   2   1   2   0   0  -1  -5   -7  -8  -8 -12 -12 -10 -11  -9   -7  -5  -3  -2  -3   3   2  -4
 5   -5   0   4   2  -1  -4  -6  -6   -4  -3  -7  -5  -7 -10 -13 -13  -13 -13 -14 -15 -11  -3  -1  -6

 6   -9  -8 -16 -22 -18 -19 -25 -19  -17 -17 -14 -22 -27 -21 -15 -15  -15 -16 -18 -17 -13  -4  -4 -14
 7  -19 -24 -24 -27 -28 -29 -26 -21  -25 -21 -20 -18 -19 -21 -23 -22  -22 -23 -26 -29 -30 -29 -30 -31
 8  -27 -26 -26 -26 -26 -24 -22 -19  -18 -19 -19 -18 -20 -19 -19 -19  -19 -18 -17 -16 -13 -15 -16 -15
 9  -15 -16 -18 -18 -18 -16 -15 -14  -12 -11 -11 -11 -11 -12 -12 -10  -10 -12 -15 -17 -19 -20 -20 -19
10  -18 -17 -17 -17 -18 -16 -15 -14  -10  -9  -8  -8  -8 -10 -11 -12  -13 -12 -12 -13 -10 -10 -10 -10

11  -10 -11 -12 -11 -12 -14 -14 -12   -8  -3  -8 -18 -17 -11  -7  -9  -13 -13  -5  -9  -8  -5  -3   0
12    1   2  -2 -10  -8  -7  -5  -1    4   6  10  -1  -5  -8  -8  -6   -8 -11 -10 -11 -14  -8   1  -3
13   -7 -25 -27 -33 -40 -35 -30 -25  -21 -17 -13 -12 -13 -13 -18 -19  -18 -16 -14 -19 -18 -15 -14 -19
14  -18 -20 -21 -19 -17 -19 -19 -16  -12 -12 -12 -14 -18 -20 -21 -18  -14 -11 -12 -13 -11  -9  -7  -7
15   -6  -8 -11 -16 -19 -17 -16 -11  -11  -7  -9 -10  -6  -6  -8 -11  -10  -8  -5  -1  -4  -7  -9  -9

16  -11 -14 -17 -15 -15 -15 -12 -10  -10 -10 -10 -12 -14 -16 -18 -16  -14 -13 -12 -10 -11 -16 -15 -15
17  -12 -11 -12 -11 -13 -15 -15 -11  -13 -10 -11 -12  -9 -10 -11 -11  -12 -13 -14 -13 -11  -7  -5  -6
18   -6  -7  -8 -10  -9  -8  -6  -6   -8  -9 -12 -12 -10  -9  -9  -9   -9  -9  -8  -5  -3  -3  -1   0
19   -1  -2  -3  -5  -4  -4  -5  -6   -6  -6  -4  -4  -4  -4  -5  -6   -8  -8  -7  -7  -5  -4  -3  -3
20   -4  -4  -3  -2  -2  -3  -3  -2   -2  -3  -4  -4  -6  -8  -8  -7   -6  -6  -4  -3  -1  -2  -1  -4

21   -4  -4  -2  -2   0   1   2   4    3   3   2   3   1   3   3   3    3   3   3   5   7   8   7   7
22    6   3   1   3   5   5   3   2    1   1   2   2  -1  -3  -3  -2   -3  -3  -1   2   3   3   3   4
23    3   1  -2  -1  -1  -3   3   5    2   5   3  -1  -1 -10 -21 -25  -22 -19 -17 -12 -10 -14 -18 -18
24  -17 -23 -29 -32 -35 -41 -57 -66  -72 -66 -60 -60 -61 -60 -51 -40  -35 -34 -29 -21 -21 -15  -9  -1
25    8   7   1  -1  -5 -11 -14 -12  -13 -22 -30 -29 -28 -35 -38 -34  -30 -27 -25 -22 -20 -24 -24 -19

26  -10  -9 -10 -14 -17 -20 -21 -18  -20 -18 -18 -17 -15 -16 -15 -17  -23 -24 -25 -19 -12 -12 -14 -14
27  -11 -10 -11 -10  -7 -14 -24 -21  -16 -15 -21 -24 -20 -18 -18 -21  -19 -21 -28 -23 -18 -13 -14 -17
28  -21 -18 -18 -18 -22 -24 -18 -17  -16 -13 -12 -10 -11 -13 -14 -15  -16 -15 -14 -13 -12 -14 -15 -16
29  -16 -17 -18 -18 -15 -13 -13 -13  -14 -16 -17 -16 -15 -14 -11  -7   -5  -4  -3  -1  -1   0  -2  -2
30   -4  -2   1   2  -1  -2  -3  -4   -6 -11 -19 -23 -21 -14 -12 -10  -11  -9  -7  -5  -2  -2  -3  -1

31    0   1   1   0  -1  -2  -3  -3   -4  -3  -2  -2   2   1  -1  -1   -3  -2  -1   3   5   5  12  19

 1   19   1 -23 -31 -24 -31 -40 -60  -63 -40 -28 -23 -31 -40 -39 -36  -38 -32 -33 -33 -28 -30 -25 -29
 2  -37 -39 -36 -35 -33 -47 -41 -33  -31 -28 -35 -32 -32 -28 -23 -22  -28 -29 -26 -23 -22 -24 -29 -30
 3  -26 -24 -26 -28 -30 -28 -25 -22  -21 -20 -17 -15 -15 -15 -16 -18  -23 -26 -23 -18 -14 -13 -14 -18
 4  -24 -29 -33 -30 -28 -28 -26 -26  -26 -25 -25 -19 -18 -20 -20 -19  -20 -22 -22 -21 -15 -14 -19 -19
 5  -20 -20 -21 -21 -17 -14 -17 -18  -17 -14 -14 -15 -18 -19 -19 -17  -16 -12 -10 -12 -11 -12 -13 -16

 6  -17 -15 -16 -15 -14 -10 -11 -16  -18 -17 -17 -17 -17 -18 -16 -16  -17 -16 -15 -10  -7  -7 -11 -14
 7  -17 -15 -13 -13 -12 -10 -10 -12  -12 -11 -10  -9 -10 -11 -11 -12  -15 -13 -10  -7  -4  -2  -3  -5
 8   -5  -5  -5  -5  -4  -2   0   0   -1  -5  -6  -2   1   1   0   3    3   2   2   2   4   6  13  32
 9   33  40  10   6  12  30  32   4    9   6   1  -3  -5 -10 -11 -10  -10  -8  -7  -7  -6  -3  -3  -2
10   -2  -2  -4  -1   0   0   1   1   -1  -2  -3   1   3   1   0   3    4  -4  -1   2   2   2  -1  -8

11  -11  -9  -4  -1  -2  -2  -5  -6   -5  -2  -2  -2   0   0  -2  -2    0   2   2   0   1   5   8   6
12    2  -1  -4  -1   1   0   1   3    2   1 -12 -23 -25 -20 -20 -21  -20 -21 -24 -24 -21 -18 -18 -19
13  -18 -16 -14 -12 -14 -16 -15 -15  -14 -10  -9  -8  -6  -6  -6  -7   -7  -9  -9 -10 -10  -9  -8  -7
14   -5  -4  -1   3   4   4  -2  -7   -7  -6  -4  -4  -4  -4  -3   2    4   3  -2  -1   1   1  -3  -7
15   -9  -9 -10 -11  -8  -8  -9 -17  -21 -21 -17 -12  -7  -6  -8 -11  -11 -10 -10 -10  -9  -8  -7  -7

16   -8  -6  -6  -7  -7  -6  -7  -9  -10  -7  -4  -4  -4  -5  -4  -4   -2  -1  -1  -2   1   1   1   0
17   -1   1   6  12  13  15  10   8    5   0  -8 -23 -31 -33 -27 -26  -31 -33 -29 -28 -23 -20 -20 -22
18  -26 -22 -19 -20 -23 -23 -23 -24  -25 -21 -15 -11 -10  -9  -8  -7   -3  -5  -7 -10 -12  -9 -11 -12
19  -16 -14  -9  -7  -9 -14 -18 -23  -23 -17 -12 -13 -16 -15  -9  -6   -5  -4  -3  -4  -4  -4  -5  -8
20  -10  -9  -8  -7  -8  -7  -5  -4   -4  -1   0   1   2   2   4   5    3   4   3   2   0  -3  -6  -9

21  -10  -7  -6  -4  -3  -2  -1   0    1   3   1   1   2   3   6   6    7   7   8   8   9   7   6   5
22    4  10  12  12   9   3  -3   3    5   4   3   7   5   7   5   1   -5  -6   0   0   0   0   0  -1
23    2  -3  -9 -15  -7 -21 -27 -22  -23 -24 -26 -27 -28 -27 -24 -19  -18 -18 -16 -16 -16 -17 -17 -18
24  -16 -12  -8  -7  -7  -7  -8  -9  -10  -5  -3  -1  -5  -7  -8  -5   -2   3   4   3   5   7   6   4
25    3  -1 -10 -10 -11 -10  -6  -5   -5  -4  -1   1   0   0  -3  -4   -5 -10  -9  -7  -4  -1  -2  -5

26   -9 -13 -12 -10  -6  -5  -2   1    1   3   4   3   0  -6  -3   7   12   9  10  -3 -10 -11 -15 -17
27  -17 -16 -12 -11 -10  -7  -4  -1    0  -2  -8  -4   1   5   2   6    4   0  -3  -7  -7  -9 -22 -28
28  -42 -36 -33 -29 -32 -37 -27 -32  -30 -28 -21 -18 -23 -27 -31 -25  -27 -27 -29 -24 -21 -21 -20 -23
29  -20 -23 -24 -26 -30 -26 -24 -20  -21 -19 -18 -15 -17 -15 -17 -21  -27 -27 -29 -27 -22 -24 -22 -24
30  -34 -33 -29 -29 -30 -37 -33 -33  -41 -42 -33 -26 -25 -27 -28 -28  -28 -27 -25 -22 -17 -13 -14 -15

 1  -14 -19 -23 -27 -25 -21 -22 -23  -23 -21 -18 -17 -17 -20 -18 -17  -17 -19 -23 -24 -21 -18 -16 -17
 2  -18 -18 -16 -17 -18 -17 -15 -15  -16 -16 -17 -18 -19 -20 -20 -18  -16 -17 -15 -13 -11  -9  -8 -10
 3  -11 -11  -9  -8  -8  -8  -7  -6   -8  -9  -8  -6  -6  -8  -9  -9  -14 -15 -15 -13 -12 -12 -10  -8
 4   -6  -6  -5  -5  -5  -6  -5  -5   -4  -2  -4  -7  -8  -7  -7  -6   -8  -8  -8  -9  -5  -2  -3  -3
 5   -6  -7  -6  -6  -5  -4  -7  -6   -4  -2  -1   0  -2  -4  -7  -8   -8  -6  -6  -4  -4  -5  -6  -6

 6   -8  -6  -3  -1   0   1   0   0   -1  -1   1   1   1   3   6   9   10  11  12  12  10  11  11   8
 7    7   3  -2  -6  -3   1   4  -1    8  20  27  31  15  13   8  -7  -22 -27 -21 -17 -15 -29 -35 -27
 8  -21 -16 -16 -20 -22 -18 -16 -17  -12 -10  -9  -9  -8 -11  -7  -5   -6 -13 -18 -18 -13 -11 -10  -9
 9   -8  -9  -9 -10 -10  -7  -5  -5   -7  -7  -4  -3  -6  -8  -9  -9  -11 -14 -14 -13 -14 -11 -10  -9
10   -9 -12 -11  -9  -9  -8  -7  -6   -4  -2  -2  -2  -4  -6  -9  -8   -6  -9 -10  -7  -7  -8 -10  -6

11   -1   1   2   3   2   1   2   2    2   2   2   0  -2  -5  -8  -8  -10  -9  -9  -7  -4  -2  -1  -1
12    0  -1  -3  -4  -2   1   1   3    5   5   5   7   5   3   2   0   -1   0   1   1   1   0   0   2
13    4   4   3   0  -1  -3  -4  -4   -4  -5  -4  -2   0   0  -1  -1   -1  -1  -2  -1   0   1   4   6
14    6   6   5   4   3   3   3   6    8  10  11   8   5   4   3   4    3   1  -3  -3  -2  -1   3   6
15    5   7   9  10  11  10   9   8   10  12  12   9   0  -5  -7  -5   -2  -1  -3  -6  -8  -5  -1   2

16    4   6   7   7   7   4   5   6    7   6   6   5   3   1  -2  -1    0  -1  -1  -1  -2  -5  -4  -3
17   -1  -1   0   0  -2  -3  -3   0    3   4   2   1   0  -5  -7  -6   -5  -8 -10 -12 -10  -9 -14 -24
18  -24 -19 -12  -7   0   6  14   6    2   2   4   8   7   3  -2  -1   -4  -1   2   0   0  -5  -6  -4
19   -3  -2  -1  -5  -7  -5  -5  -6   -4  -1  -2   2   1  -5  -5  -6  -10  -9  -4  -5  -2   2   2   0
20   -3  -3  -5  -7  -6  -3  -4  -3    0   2  -2  -3  -4  -4  -5  -6   -6  -6  -7  -6  -6  -9 -10 -11

21   -9 -11  -9 -10  -7  -6  -5  -2    2   4   5   4   5   7  12  13   13  15  15  12  16  15  11   0
22   -2   2   5   7   7  10  15  19   25  26  24  20  13   9  10  13   16   8  -3  -8 -15 -18 -23 -23
23  -10  -9 -11 -13  -9 -12 -15 -10  -17 -33 -32 -37 -54 -58 -54 -43  -37 -37 -37 -40 -45 -49 -40 -45
24  -47 -40 -40 -39 -41 -41 -38 -32  -21 -19 -21 -21 -18 -20 -22 -27  -26 -23 -30 -32 -35 -35 -39 -36
25  -30 -25 -25 -25 -28 -29 -32 -30  -27 -23 -19 -21 -28 -27 -24 -21  -26 -28 -34 -34 -29 -26 -24 -21

26  -19 -21 -23 -24 -25 -31 -22 -22  -17 -11 -20 -24 -18 -25 -28 -28  -29 -27 -29 -28 -26 -26 -23 -22
27  -20 -18 -19 -15 -17 -19 -17 -15  -15 -12 -14 -15 -11 -12 -16 -18  -19 -19 -21 -20 -19 -19 -21 -20
28  -16 -18 -20 -21 -20 -20 -21 -17  -14 -16 -19 -20 -20 -23 -24 -23  -21 -20 -19 -17 -16 -17 -16 -15
29  -11 -11 -10  -8  -8  -8  -8  -6   -7  -9  -8  -6  -7 -10 -11 -11   -9  -8  -7  -8 -10 -13 -12 -11
30  -10 -10 -11 -12 -11 -10  -9  -6   -2  -2  -4  -5  -6  -6  -6  -3   -2  -2  -3  -5  -6 -10 -12 -10

31   -5  -4  -4  -5  -5  -7  -5  -2    0   1   1  -1  -1  -3  -3   0    3   4   2   0   3   5   4  -3

 1   -9  -7  -5  -6 -12 -10  -6   1    7   4   0  -2   0  -2  -3   0    2   2   0   3   8   8   8   3
 2    4   9  11   6   3   1   8  18   15   7  15  16  18  16  18  21   19   7   4   4   5   4   2   2
 3    2   2   3   3   4   6   4   3    0  -1  -1  -1  -2  -1   0   3    9   6   0  -4  -3  -6  -8  -9
 4   -8  -6  -5  -4  -9  -2  -1   1    1  -1  -2   2   4   4   3   0   -2  -7  -9  -9  -7  -9 -11 -11
 5  -12 -12  -8  -7  -7  -7  -5  -4   -5  -5  -4  -1   0   2   1   0    2   1  -1  -5  -6  -9 -10  -6

 6   -8  -9  -6  -4  -1  -1  -2  -2   -2  -2  -3  -5  -5  -3  -2   0    0  -2  -2  -1   2   2   1   0
 7   -4  -5  -5  -4  -2  -1  -1   2    2   1   1   2   2   1   2   5    6   8   9  11  12  10   9  10
 8   10  14  10   2  -1   1   3  -2    1   1   0   0   7   9   9   5   -2  -9 -13 -15 -19 -21 -16 -13
 9  -12 -11  -7  -6 -11 -14 -10  -8   -7 -10 -17 -20 -20 -18 -17 -16  -10  -9 -12  -8  -9 -13 -12  -9
10   -8 -10 -11  -6  -6  -3   2   2   -9 -13  -8  -5  -4  -5  -7 -11  -10 -10 -10 -10 -10 -11 -12 -12

11  -14 -14 -11 -10 -11 -11 -10  -8   -7  -7  -8 -10 -10 -11 -10 -11  -13 -13 -14 -15 -14 -14 -16 -15
12  -11  -9  -8  -8  -7  -6  -8  -9  -10  -8  -7  -8  -7  -9 -10 -10   -9  -8 -10 -11 -11 -11 -10  -6
13   -3   1   1   2   1   1   2   3    5   6   5   2   0  -2  -1   3    4   0  -1  -8 -10 -13 -11  -8
14   -9 -10  -8  -2  -1 -11 -17 -21  -21 -13 -13 -11  -7  -8  -7  -6   -9 -12 -10 -14 -14 -19 -23 -23
15  -21 -17 -11  -8 -13 -17 -17 -16  -12 -10 -10 -13 -16 -15 -13 -10   -8  -4  -2  -4  -7 -13 -13 -14

16  -15 -14 -11  -7  -5  -7  -8  -7   -7  -4  -2  -4  -7  -7  -6  -7  -10 -13 -17 -16 -17 -17 -19 -18
17  -15 -14 -11  -7  -6  -8  -8  -6   -4  -5  -8 -10  -8  -5  -4  -5   -2   0  -2  -4  -5  -6  -8 -10
18  -11 -12 -11  -9  -5  -6  -7  -8   -7  -6  -4  -2   0   2   1   1    1  -1   1   2  -1  -4  -5  -7
19  -11 -11  -6  -6  -7  -8  -8  -7  -10  -7  -8  -9  -5  -4  -3  -6   -7  -5  -4  -3  -4  -5  -5  -5
20   -6  -6  -5  -5  -6  -4  -3  -2   -6  -6  -6  -5  -2  -1  -1  -1   -1  -1  -3  -4  -3  -2  -2  -3

21   -5  -5  -2  -3  -4  -4  -2  -1    9  21  21  20  13   9   2  -5   -3   0  -2   0   1  -3 -18 -28
22  -28 -23 -17 -17 -20 -21 -20 -19  -18 -16 -11  -5  -6  -4  -6  -8   -7  -7  -7  -6   1 -10 -10  -9
23  -11  -8 -12 -17 -19 -19 -20 -16  -17 -14 -12 -11 -10 -11 -11 -12  -12 -11 -10 -12 -16 -13  -8  -8
24   -4  -6  -7  -6  -5  -7  -6  -4   -7  -8  -6  -2  -2  -5  -5  -5   -5  -1  -1  -2  -4  -4  -5  -7
25   -9  -7  -7  -4  -7  -9  -9 -10  -11 -10  -8  -6  -8  -7  -6  -7  -10  -8  -5  -4  -6  -7  -7  -6

26   -3  -1   1   1   1   0   0  -1    0   1   1  -1  -3  -2   0   2    3   3   3   3   1  -2  -4  -5
27   -3   4   4   4   3  -2  -2  -3   -1   1   2  -1  -3  -2   1   2   -1  -4  -5  -7  -6  -8  -9  -7
28   -5  -1   4   5   2  -1  -3  -7  -11 -12  -9  -3   3   3   0  -1    2   3   5   4   6   5   1   1
29    1   6   8   6   5   0   0  -3   -2   1   4   3   1   7  25  32   33  37  30  11  -2  -5  -5  -6
30   -5  -1  -7 -11 -16 -14 -10 -10  -10  -9  -6 -10 -12  -9  -6  -6   -8  -5  -3  -4  -8 -10 -10  -9

 1   -4   3   5   4   2   1  -3  -8   -9  -8  -3  -2  -5  -7  -8  -5   -6  -3   0   1   1   1   0  -5
 2   -4  -2  -1  -1  -4  -5  -5  -6   -4  -2   1   2   2   1   0  -2    0   2   4   4   3   3   2   1
 3    0   4  10  10   4   2   0   2    4  10  17  15  14  13  10   0   -8 -10  -5   1   4   5  -7 -12
 4   -5  -2  -1  -2  -5 -10 -15 -14   -7 -11  -5  -4  -3  -1  -4  -5  -13 -12  -3  -3  -6  -6 -10  -7
 5   -3  -3  -2  -4 -11 -14  -9  -7   -7  -8  -7  -6  -5  -8 -11 -11  -10  -8  -7  -9  -8  -8  -6  -4

 6   -4  -3   2   1  -2  -4  -4  -3   -3   1   2  -3  -7 -10 -10  -8  -10  -9  -6  -6  -5  -3  -3  -3
 7   -3  -3  -5  -7 -11  -7  -2  -2   -5  -5  -2  -2  -3  -3  -5 -10  -13 -11  -8  -6  -7  -8  -9 -12
 8  -16 -13 -12  -9  -8 -11 -10  -9   -8  -7  -7  -6  -5  -7  -7  -7   -8  -9 -10 -10  -8  -7  -9  -9
 9   -9  -8  -5  -3  -2  -2  -3  -4   -4  -1   1   0   0  -3  -5  -5   -4  -4  -2   4   6   4   1   1
10    1   4   6   4   3   1   1   3    5   8   9   6   5   4   2   3    5  13  24  28  26  22  26  20

11    5 -15 -25 -25 -17 -27 -29 -23  -21 -27 -30 -28 -30 -29 -28 -33  -31 -25 -22 -20 -18 -19 -20 -19
12  -19 -18 -15 -18 -21 -22 -24 -21  -19 -16 -16 -17 -18 -18 -17 -16  -14 -15 -18 -20 -20 -20 -20 -18
13  -18 -17 -17 -19 -21 -22 -21 -19  -18 -16 -15 -15 -12 -12 -10  -9   -8  -5  -3   1   7  10  10   6
14   -1  -1  -7  -8  -8  -7  -1   2    2  -2 -11 -19 -26 -33 -38 -39  -33 -29 -27 -33 -33 -25 -24 -25
15  -36 -37 -45 -39 -38 -42 -39 -39  -36 -33 -32 -27 -25 -26 -27 -30  -30 -27 -25 -23 -22 -21 -21 -22

16  -21 -21 -20 -16 -15 -17 -20 -19  -20 -19 -16 -16 -16 -16 -16 -17  -17 -13 -12 -11  -9  -9 -11 -14
17  -17 -15 -12 -13 -16 -17 -16 -15  -14 -12 -10  -8  -7  -8 -12 -13  -12  -9  -5  -4  -2  -2  -4  -7
18   -7  -5  -6  -6  -7  -9  -9  -7   -5  -4  -2   2   6   6   6   6    5   6   5   2   2   2   2   3
19    1   1   1   0   1   2   2   2    3   3   2   0   1   2   2   1    0   1   3   4   6   7  10  12
20   12  11   9   6   6   4  13  16    7 -11 -22 -20 -19 -25 -19 -25  -24 -23 -22 -22 -23 -23 -27 -24

21  -20 -14 -14 -22 -28 -30 -23 -24  -26 -24 -22 -17 -20 -16 -13 -14  -15 -15 -15 -20 -25 -21 -15 -10
22  -10 -11  -9 -13 -15 -19 -19 -19  -16 -13 -11 -12 -12 -15 -16 -15  -12  -9  -6  -7  -9 -10  -9 -10
23  -10  -9  -8  -8  -8  -7  -5  -4   -5  -6  -5  -6  -8  -7  -6  -5   -5  -5  -8  -7  -7   0   6   4
24   -1  -3  -5  -3  -5  -3  -3  -2    1   3  -3  -2  -4  -4   3   5    5   3  -1  -4  -4  -5  -3  -1
25    2   5   4   2   3   3   3   3    4   8   9   8   7   4   2   0   -1   0  -1  -1  -1   0   3   6

26    9  12  13  12  10  10  10   9    9  12  13  18  27  31  38  41   34  19  17   5   7   3  -1   2
27    1   3   0  -1  -4 -13 -12 -10   -8  -5  -7 -11 -13 -14 -11  -8   -9  -8  -9 -10 -10 -11 -11 -11
28   -9  -7  -8  -8  -8 -10  -9 -10   -9  -7  -6  -5  -3  -1   0  -1   -2  -2  -2   1   3   6   4   4
29    9  11  17  20  10  11   7   5    6  -3  -8  -4   0   2  -1  -2    3   0  -3  -4  -4  -7  -5  -8
30  -11 -13 -10  -5 -10 -14 -16 -15  -12  -8  -7 -10 -14 -11 -10 -12  -14 -15 -13 -13 -11 -10  -7  -5

31   -4  -3  -4  -6  -6  -9 -12 -13  -15 -15 -14 -10 -11 -10  -7  -8   -4   0   2   2   1  -4  -7  -8

 1  -11 -13 -11  -5   0  -8 -14 -11  -13 -10  -7  -7  -5  -6  -6 -13  -16 -16 -18 -17 -15 -20 -20 -17
 2  -16 -13 -14 -13 -11 -11  -8  -8   -6  -5  -4  -5  -6  -4  -6  -9   -8  -7  -8 -11 -14 -14 -13 -12
 3  -11  -9 -10 -11 -11 -12 -12  -9   -5  -2  -4  -6  -6  -7  -7  -6   -4  -2  -2  -2  -4  -8 -11 -11
 4  -10  -8  -6  -8  -8 -10 -10  -9   -7  -5  -4  -4  -6  -5  -5  -5   -6  -6  -5  -5  -4  -1   2   1
 5    0   0   1   0   0   2   3   3    2   3   4   7   7   6   6   4    8   7   6   8   8   4   1   2

 6    1   3   6   7   6   8  12  13    8   8   8   7  13  14  13  10    9  -2  -1   3   0 -10 -14  -9
 7   -6  -8 -22 -17 -19 -22 -26 -27  -31 -25 -21 -19 -18 -12 -12 -13  -17 -19 -17 -18 -17 -20 -23 -21
 8  -16 -13 -14 -16 -17 -19 -20 -17  -18 -18 -21 -20 -16 -13 -11 -12  -13 -15 -15 -16 -15 -15 -18 -18
 9  -17 -14 -11 -10 -10 -12 -15 -15  -10  -7  -9 -13 -12 -12 -11  -9   -6  -5  -6  -8  -9 -10  -8  -5
10   -3  -3  -2  -1   0  -2  -6  -8   -5  -4  -4 -12 -14  -7 -19 -27  -24 -22 -20 -24 -25 -26 -27 -26

11  -27 -30 -28 -23 -21 -20 -19 -18  -18 -15 -17 -16 -15 -12  -8  -8  -10 -12 -16 -17 -18 -18 -18 -15
12  -14 -12 -15 -16 -16 -13 -13 -12  -11 -13 -18 -21 -20 -17 -14 -13  -12 -13 -17 -19 -17 -14 -13 -11
13  -12  -9  -7  -6  -5  -7 -10 -10   -9  -9 -12 -15 -17 -17 -16 -11   -7  -5  -7  -8  -9 -12 -11  -9
14  -10 -11 -10  -8  -5  -5  -5  -6   -7 -10 -10 -11  -8  -5  -4  -4   -1   0   1  -1  -4  -6   0   5
15    2   1   0  -4  -7  -7  -3   0    3   0  -2  -3   1  -1  -2  -1    0  -4  -3  -4  -7  -9  -5  -5

16   -7 -10 -13 -13 -10  -7  -7  -6   -5  -3   0   3   1  -1  -2  -3   -2  -4  -8 -12 -17 -17 -14 -11
17  -12 -10  -9  -4  -4  -2  -1   1    1  -2  -4  -3   2   2   0  -3   -2  -2  -2  -4  -6  -7  -6 -10
18   -7  -4   0   2   3   3   2   3    3   2   1   0   1   1   3   2    1   4   7  11   9   7   8  11
19   10   8   7  10  10   9   8   6    6   7   5   2   5   7   9   7    3   4   3   2  -1  -3  -4  -1
20   -2  -6  -2   1   2   2   3   3    3   1  -1   0   3   5   3   1    2   4   8   8   7   5   4   2

21    0  -6  -3   3  11  15  13  12   12  12  10  10   6   7  10   9    7   4   0  -2  -3  -3  -1   1
22    1  -2  -1   1   6  11  13  14   12  10   6   3   1   1   2  -4   -3  -3  -5  -5  -5  -5  -4  -3
23   -2   0   0   1   2   3   4   3    3   1   1   1   4   5   5   3    2   2   0   1   2   1   2   2
24    3   1   0   0   2   2   2   3    4   5   7   8   7   8  10   8   11  11  11  10   5   4   3   6
25    8   5   3   4   3   0   0   1    1   7  11  10   9   6   4   6    5   1  -3  -9  -8  -6  -4  -4

26   -6  -7  -6  -7  -6  -5  -2  -4   -2   0   1  -1   0   7   7   9   13  14  -9  -3  -2  -2   0   2
27    2   1  -5  -6  -4  -1  -8  -8   -5  -2   0  -1   0   0   0  -2    0  -1  -4 -14 -20 -22 -13 -15
28  -25 -26 -21 -19 -16 -12 -12 -11  -11 -14 -15 -19 -16 -10 -12 -12  -13 -15 -18 -20 -20 -22 -20 -18
29  -20 -21 -20 -12  -8  -6  -5  -5   -4  -3  -5  -5  -3  -4  -3  -3   -5  -6  -8 -11 -15 -19 -18 -14
30  -13 -14 -12  -9  -4  -3  -3  -2   -1  -1  -1  -3  -2   0  -1  -4   -4  -5  -4  -5  -8 -12  -9  -8

31   -5  -2  -3  -4   0   4   4   4    1  -2  -3  -1  -2  -2   0   0    3   3   5   8   4  -8 -12 -14

 1  -11  -4  -1   1   1  -1   2  -1   -7  -2  -3  -5  -4   1   2   0   -2  -4  -3  -3   1  -2  -2  -3
 2   -1 -16 -19 -17 -21 -23 -19 -17  -16 -23 -14 -17 -18 -18 -18 -21  -21 -23 -24 -23 -21 -16 -14 -14
 3  -14 -15 -13  -9  -8 -10 -14 -17  -15 -13 -14 -13 -14 -16  -9 -19  -23 -21 -18 -14 -11 -13 -14 -14
 4  -13 -13 -13 -13 -13 -11 -11 -11  -11 -13 -14 -14 -10 -12 -14 -17  -19 -18 -16 -15 -10  -9  -8 -11
 5  -12 -15 -16 -15 -12 -11 -15 -19  -13 -17 -17 -14 -10  -9 -12 -12  -12 -13 -17 -18 -17 -13 -10 -10

 6  -10 -15 -16 -14 -14 -14 -13  -9   -7  -8 -15 -19 -15  -8  -7 -13  -23 -29 -31 -23 -21 -18 -24 -21
 7  -23 -25 -26 -31 -25 -20 -19 -21  -19 -16 -15 -15 -16 -14 -15 -18  -18 -19 -17 -17 -16 -12 -10  -9
 8  -10 -14 -15 -14 -12 -12 -12 -10  -11 -10  -9  -7  -7  -6  -8  -9  -13 -13 -15 -17 -16 -16 -16 -16
 9  -14 -14 -14 -14 -11  -9  -8  -7   -6  -6  -4  -2  -2  -2  -4  -2   -2  -3  -4  -5  -5  -6  -6  -6
10   -6  -9  -9  -9  -8  -6  -4  -3   -3  -2  -3  -4  -5  -7  -9 -12  -12 -12 -13 -11  -9  -6  -4  -2

11   -1   0  -1   2   2  -1  -2  -4   -5  -5  -7  -8  -7  -5  -5  -4   -4  -4  -5  -7  -8  -8  -6  -3
12   -2  -1  -4  -7  -9 -11 -12 -12  -11  -8  -5  -5  -4  -2  -3  -4   -4  -3  -2   0   0   0   1   2
13    2   0   1   3   4   6   8  10   10   9   6   4   3   2   3   4    5   6   9  12  14  12  11   8
14    7   7   9   9   9  11  14  15   13  13  11  13  12   9   6   7   12  22  28  27  23  19  14  14
15   17  12  10  11   9   5   3   3    3   3   1  -1  -2  -2  -2  -1    1   1   0  -1   0   0   3   4

16    2   0   0   0   2   4   6   8    7   4   2   2   2   1  -2  -3   -2  -1   0   2   3   5   6   6
17    6   6   6   6   7   7   5   4    4   5   4   2   1   3   6   6    5   5   9  11  13  14  15  13
18   12  10   4   3   2   0   0   1    3   3   3   5   6   4   2   0   -2  -1   2   4   7   6   6   7
19    4   2   1   1   0   2   4   5    6   5   5   9   7  10   8   5    2   2   5   4   5   6   7   7
20    7   5   4   4   4   9  13  14   14  11  14  21  30  33  25   8   -3  -5 -10  -8 -13 -10  -8  -5

21  -11 -12 -16 -18 -15  -7  -4  -2   -6  -3  -2  -2   3   3  -5  -5   -1   3   2   3   5   5   1   2
22    0  -8  -7  -4  -4  -3  -6 -10   -9 -10  -9  -6   1   1  -3 -14  -14 -11  -6  -5 -11  -6  -4   0
23    1   1  -3  -4 -11 -25 -25 -17  -14 -16 -11  -7  -7  -5  -9 -10  -10  -8  -5  -8  -7  -8  -8  -5
24   -9  -6 -12 -12 -20 -16 -13 -13  -14 -14 -11  -9  -8  -9 -14 -14  -12  -9  -7  -7  -9  -8  -6  -8
25  -15 -13 -11 -11 -12 -11 -12 -12  -11  -8  -6  -3  -1  -1  -5  -9   -9  -7  -6  -7  -8  -6  -5  -8

26   -9  -6  -6  -7  -6  -6  -6  -6   -6  -6  -6  -5  -3  -3  -5  -8   -9  -9  -9 -10  -8  -5  -3   0
27    1   2   3   3   2  -1  -1   0    0  -1   0   3  15  20  20  14    2   3  -4  -6 -14 -12 -14 -15
28  -12 -16 -22 -24 -19 -14 -14 -22  -22 -24 -22 -16 -13 -14 -16 -12   -7  -3  -6  -9 -16 -19 -20 -22
29  -16 -14 -28 -31 -40 -39 -33 -33  -29 -35 -38 -30 -22 -18 -22 -26  -29 -30 -26 -22 -23 -29 -33 -26
30  -26 -24 -23 -22 -23 -27 -27 -23  -22 -22 -21 -21 -16 -15 -17 -20  -18 -15 -12  -8  -7  -5  -6 -10

 1  -10 -14 -14 -12 -14 -15 -15 -15  -19 -24 -25 -19 -15  -9 -10 -13  -13 -13 -11 -10 -11  -8  -9 -10
 2  -11  -9  -9 -10 -11 -13 -14 -16  -20 -19 -15  -9  -5  -5  -9 -13  -13 -11  -8  -8  -8  -8  -6 -14
 3  -10 -12 -17 -17 -14 -14  -9 -23  -20 -19 -14 -11  -7 -10 -14 -14  -13 -10  -6  -7  -9 -11 -17 -19
 4  -22 -29 -32 -29 -28 -23 -18 -18  -20 -19 -17 -15  -8 -10 -12 -17  -17 -16 -17 -15 -12 -12 -11 -11
 5  -11 -12 -15 -18 -21 -25 -27 -25  -19 -17 -15 -15 -10 -11 -12 -12  -13 -13 -11 -10 -11 -10  -9  -9

 6   -9  -9 -11 -12 -11 -12 -12 -11  -11 -11  -9  -8  -9  -9 -10 -10   -9  -7  -7  -8  -8  -7  -6  -7
 7   -7  -6  -6  -5  -4  -5  -7  -5   -5  -6  -4  -2   0   1   0  -1   -2  -2  -2  -3  -4  -4  -5  -7
 8   -6  -5  -5  -5  -4  -4  -4  -3   -4  -3  -1   1   1   1  -1  -3   -2  -2  -1   0   1   0  -1  -4
 9   -5  -4  -3  -1   0  -1  -2  -3   -2  -1   2   3   4   5   4   4    2   1   1   2   3   5   6   5
10    3   1   0  -1  -1  -3  -5  -4   -4  -3  -2  -3  -5  -4  -4  -3   -3  -2  -2  -3  -3  -2  -1   0

11    0   0   0   2   4   5   5   4    4   5   5   3   4   7  10   9    8   7   6   6   6   6   5   8
12   11  14  15  16  14  11  13  14    9   8   8   7   6   8   7   4    7   9   7   3  -4 -11 -10  -7
13   -4  -1   1   0   2   4   5   4    7   6   2  -1   1   4   9   9   11  13  12  10   9   7   2  -3
14   -2   0   1  -4  -8  -9 -12 -12  -12 -15 -18 -14  -9  -1   1   1   -1   1   4   5   4   3   1   0
15   -1  -4  -1   0   2   2   1   2    1   0  -2  -1   4   7   4   0    1   1   1   2   4   5   4   0

16    0   0  -1   1   4   5   7   6    5   3   1   3   4   5   0  -4   -5  -2  -1   1   2   1   0  -1
17   -2  -4  -3  -1  -1   1   3   2    0  -1  -1  -1   1   4   3   4    7   8   7   6   6   5   5   5
18    7   6   4   2   0   4  11   8   -1   2   0   1   7   9   7   8    8   7  -1 -11 -15 -20 -14 -14
19  -14 -17 -12  -6  -5  -7  -8  -8   -8  -6  -7  -5  -7  -7 -18 -19  -16 -17 -22 -21 -18 -18 -14 -13
20  -13 -14 -19 -24 -28 -24 -21 -19  -17 -14 -10 -12  -8  -5  -4  -8  -14 -16 -20 -17 -15 -12  -9 -10

21  -10  -7  -8  -8  -9  -8  -8  -8   -7  -3  -4  -5  -4  -3  -3  -6   -5  -3  -7  -9  -9  -8  -9 -12
22  -10  -9 -10 -13 -10  -9  -6  -2   -1   0  -1  -1   3   4   4   0   -1  -2  -5  -5  -9 -13 -15 -16
23   -9  -5  -7 -11 -13 -14 -16 -15  -12 -10  -8  -8  -6  -2  -1  -1    0  -3  -8  -7  -6  -6  -5  -3
24   -2  -2  -1   1   2   0   0  -2   -5  -4  -2  -4  -1   1   1   1    3   4   4   4   2   0  -2  -1
25    3   2   2   6   4   0  -2  -4   -1   1   2  11  18  13   3  -9   -6 -25 -38 -37 -52 -53 -47 -45

26  -43 -37 -34 -35 -29 -26 -26 -23  -18 -17 -15 -18 -18 -18 -24 -22  -17 -19 -22 -22 -22 -21 -20 -25
27  -24 -20 -20 -18 -13 -13 -11 -10  -14 -18 -24 -24 -17 -14 -13 -15  -17 -17 -18 -18 -17 -19 -20 -20
28  -22 -18 -16 -15 -13 -14 -15 -13  -14 -12 -11  -8  -5  -6  -7  -8  -11 -10 -14 -15 -15 -20 -20 -21
29  -18 -14 -11 -10  -6  -6 -10 -10  -11 -14 -18 -16 -14 -14 -18 -18  -16 -12 -17 -19 -21 -20 -17 -15
30  -21 -25 -26 -23 -26 -26 -25 -20  -19 -22 -20 -16 -14 -12 -12 -14  -16 -14 -14 -15 -15 -16 -17 -17

31  -16 -14 -14 -11 -10  -9 -12  -9   -8 -12 -14 -12  -9 -10  -9 -10   -9 -11 -10 -11 -15 -17 -19 -20

 1  -21 -16 -12  -8  -5  -4  -2  -1   -1   0  -3  -4  -2  -4  -6  -5   -6  -9  -8  -6  -7  -6  -7  -9
 2   -7  -7  -8  -9 -12 -10 -11  -9   -8  -7  -7  -5  -3  -2  -1   1    3   3   3   1  -1  -3  -6  -7
 3   -7  -6  -5  -5  -6  -6  -6  -7   -8  -8  -7  -8  -7  -5  -5  -3   -4  -6  -7  -6  -6  -6  -9 -11
 4  -10  -8  -8  -7  -4  -4  -3  -1    0  -1  -2  -3  -4  -5  -3  -2   -2  -2   2  -2  -3  -3   1   2
 5    2  -2  -3  -2  -4  -4  -2   1    1  -1  -3   0   2   2   0  -2   -2  -2  -1   0   1   2   3   4

 6    5   5   7   7   7   7   7   7    6   4   2   3   3   5   5   5    5   5   5   5   4   5   7  10
 7    9   8   7   5   4   4   6   7    9   8   7   6   5   2   1   0    0  -1   0   0   1   3   4   6
 8    8  10  12  15  10   8   9  11   13  14  13  10   8  11  11  13   11  11   6   2  -1   1   2   5
 9    5   7   6   8  11  12  13  15   17  15  14  12   9   7   6   4    2   1   2   4   5   6   7   6
10    6   4   5   4   5   6   5   5    6  -2   0   2   2   1  -2  -3   -6  -4  -2   0   1   2   2   3

11    2   1  -1   0   1   2   0   3    6   6   5   5   2   2  -1  -3   -2   0  -1   0  -1  -1   0   1
12    2   1   0   1   2   3   5   8   10  10  10  13  11   8   8   9   13  14  12  18  20  16  16  14
13    7   0   9   7   0   2   3   4    7   4  -1  -5  -1  -5  -3   4    0  -2  -1  -2  -3  -5  -6  -8
14   -4 -10  -9  -8  -4  -3  -2   0   -3  -5  -2  -1  -5  -6  -7  -9   -9  -6  -5  -4  -2  -2  -3  -2
15   -2  -5  -8  -7  -3  -1   1   3    3  -5  -7  -3  -8  -9  -6  -3   -4  -3  -3  -2  -7  -9  -9  -4

16    0   1   0   1   0  -2  -1   3    1   1  -1   3   0  -2  -5  -6   -3  -2   0   0  -2  -2  -5  -9
17  -10  -9  -7  -6  -8 -14 -20 -14   -8  -7  -9  -8  -9 -10 -10 -10   -7 -10 -10  -9  -9  -9  -9  -5
18   -2  -4  -7  -9  -5  -3  -2  -1    1   0  -1  -2  -3  -5  -7  -7   -6  -2  -1  -1  -1  -2   2   3
19    4   2  -1   0   3   5   4   3    4   3   5   5   5   4   2  -2   -2  -2  12  23  31  37  30  31
20   30  17   8   9  16  17  15  15    7   9   6  -6 -32 -34 -46 -47  -47 -50 -50 -54 -59 -56 -52 -50

21  -45 -41 -38 -37 -34 -34 -33 -36  -36 -32 -32 -28 -25 -25 -29 -32  -31 -29 -26 -24 -22 -24 -25 -22
22  -19 -19 -22 -25 -26 -27 -23 -18  -15 -16 -15 -11  -7  -4  -6 -11  -12 -18 -31 -33 -27 -26 -29 -37
23  -35 -30 -28 -27 -27 -26 -27 -25  -25 -24 -21 -20 -22 -23 -24 -20  -20 -19 -18 -20 -20 -18 -20 -21
24  -20 -20 -18 -18 -15 -12 -13 -16  -14 -11  -9  -9  -7 -11 -13 -17  -20 -18 -21 -19 -16 -15 -16 -13
25  -14 -14 -14 -11 -12 -15 -20 -17  -12 -15 -15 -15 -14 -19 -18 -19  -19 -18 -13 -10 -11 -14 -20 -18

26  -17 -15 -14 -13 -13 -15 -19 -21  -18 -15 -14 -14 -13  -9 -10  -9   -9  -9 -12 -14 -14 -13  -9  -8
27   -6  -4  -4  -6  -6  -7  -8  -7  -10 -12 -11  -9  -9 -12 -12 -12  -11  -8  -7  -8 -12 -13 -13  -7
28   -8  -7  -5  -5  -4  -5  -8  -9   -9  -8  -8  -9 -13 -14 -13 -13  -13 -13 -12 -11 -10 -12 -13 -10
29   -8  -7  -6  -4  -2  -2  -4  -4   -5  -6  -7  -5  -7  -9 -11 -11  -11  -9  -6  -4  -8  -8  -5  -4
30   -3  -2   0  -1  -1  -2   0   5    4   1  -1   3   4   4   4   3    3   6  12  12  10   6   4   4

 1   -1  -1  -3  -3   3   7   6   1    2   2   0   1   2   4   3   1    0   1   4   4   3  -3  -2  -1
 2    1   2   1   1   4   5   5   7    6   3   4  10  10   5   3   3    2   1   2   4   3   1   2   3
 3    4   3   2   2   3   2   3   4    2   1   0   3   6   7   6   4    1   1   2   4   4   7   7   8
 4    8   7   6   5   7   7   7   6    6   8   8   9   6   5   6   9   10  11   8   7   7   8   6   3
 5   -1  -2  -1   0   2   5   7   7    5   5   4   5   4   0  -3  -2   -2   0   0  -1  -1  -3  -2  -1

 6   -1  -2  -3  -4  -1   1   3   1    3   5   6   9  10   8   5   6    6   5   5   3   0  -3  -3  -4
 7   -5  -7  -7  -5  -3  -2   0   2    4   3   2   3   5   3   3   4    5   6   5   4   2   2   0   1
 8    2   2   2   4   5   5   6   6    8   8   8   6   4   2   5   7    6   6   8   8   5   6   7   8
 9   10  10  10   8   8   8   7   5    5   4   3   6   9   6   2   1   -3  -5  -5  -5  -6  -5  -3  -2
10   -2  -2   0   2   1  -5  -8  -9  -10 -10  -6  -7  -2   1   2   2    8  11  13  14  14  -1 -21 -19

11  -10  -6 -13 -14 -16 -18 -21 -18  -18 -20 -22 -20 -14 -17 -16 -17  -21 -16 -11 -12 -16 -14 -12  -9
12  -10 -11 -16 -26 -21 -20 -22 -20  -23 -23 -26 -20 -18 -15 -14 -14  -17 -15 -14 -14 -16 -15 -13 -13
13  -13 -13 -14 -13 -16 -19 -15 -14  -13 -15 -17 -16 -11  -8  -8  -9  -10 -10 -12 -13 -13 -10  -9  -8
14   -8  -8  -7  -7  -8  -6  -7 -10  -12 -12 -11  -7  -5  -5  -6  -6   -6  -7  -9 -10  -8 -10 -11 -10
15  -10 -10  -8  -6  -5  -4   0   3    3   0  -4  -4  -6  -9 -10 -10  -10  -8  -7  -6  -5  -6  -8  -7

16   -8  -6  -3  -3  -4  -3   1   4    4   2   1   4   4   2  -3  -6   -7  -2  -2  -6  -5  -6  -7  -5
17   -4  -3   2  19  28  41  28  16  -13 -11  -8 -13 -17 -19 -17 -24  -33 -29 -26 -22 -18 -21 -21 -26
18  -28 -26 -22 -20 -20 -25 -20 -21  -21 -19 -18 -19 -16 -20 -22 -27  -24 -28 -27 -20 -16 -21 -23 -25
19  -20 -19 -19 -22 -20 -19 -20 -21  -21 -18 -17 -17 -15 -15 -14 -13  -15 -17 -10 -14 -14 -13 -12 -11
20   -9  -6  -4  -4  -8 -12 -11 -12  -16 -15 -14 -15 -15 -11  -6  -7   -9 -13 -12 -11  -9 -14 -18 -21

21  -18 -15 -16 -14 -15 -18 -19 -16  -17 -15 -11 -10  -9 -10 -10 -17  -19 -20 -20 -20 -16 -13 -13 -11
22   -6  -7  -6  -9  -8 -11  -9  -8   -8  -8  -9  -7  -8 -10 -11 -12  -15 -16 -15 -19 -14 -12 -12 -14
23  -10  -9  -8  -5  -5  -6 -10 -12  -13 -12 -11  -7  -5  -5  -6  -6   -9  -9 -10 -10 -13 -14 -12 -10
24   -9  -6  -4  -5  -7 -10 -12 -10  -10  -9  -7  -6  -5  -5  -7  -9   -8  -7  -5  -4  -5 -10 -11  -8
25   -5  -2   0  -2  -3  -4  -4  -7   -7  -6  -7  -8  -7  -6  -8  -8   -8  -6  -5  -5  -5  -5  -6  -7

26   -3  -1   2   4   6   6   3  -2   -4  -4  -5  -1  -1  -3  -2  -3   -4  -1   2   3   3   4   7  13
27   12  14  16   9   3   0  -2  -3   -2  -3  -3  -3  -3  -4  -6  -4    1   5   4   6   1   0  -1   0
28   -1  -1   1   3   1  -1  -1  -3   -3  -6  -7  -5  -2  -4  -4  -5   -7  -6  -7  -8 -10 -10 -13 -13
29  -11  -9  -5  -1   1   3   4   3    0  -3  -5  -5  -7  -8  -7  -3    2   5   7   6   2  -4  -9  -7
30   -6  -6  -4  -1   2   3   4   3    2   2   3   5   9  11   8   1   -7  -5  -1  -1   0  -2  -5  -2

31    2   6  12  12   9   8   9  11   10  10   6   5  11   9   3   0   -4   0   4  -1  -6 -10 -10  -9

